2019-06-05 20:10:50.156435, 4e-11, 20, 26, 36, 66, 108, 115, 165, 200
2019-06-05 20:10:55.159526, 3e-11, 17, 26, 36, 70, 105, 120, 169, 202
2019-06-05 20:11:00.160307, 3e-11, 17, 27, 38, 68, 108, 120, 159, 202
2019-06-05 20:11:05.161700, 3e-11, 16, 26, 38, 63, 108, 117, 159, 200
2019-06-05 20:11:10.162685, 6e-11, 20, 27, 37, 70, 102, 116, 165, 201
2019-06-05 20:11:15.164242, 4e-11, 16, 27, 38, 62, 104, 118, 163, 201
2019-06-05 20:11:20.164776, 4.9999999999999995e-11, 19, 25, 37, 63, 102, 115, 155, 202
2019-06-05 20:11:25.166671, 4e-11, 20, 30, 39, 63, 105, 120, 163, 200
2019-06-05 20:11:30.171448, 4.9999999999999995e-11, 18, 27, 37, 67, 104, 119, 161, 201
2019-06-05 20:11:35.171729, 3e-11, 20, 30, 36, 67, 104, 119, 169, 200
2019-06-05 20:11:40.172475, 3e-11, 16, 28, 36, 60, 108, 118, 164, 200
2019-06-05 20:11:45.173699, 4.9999999999999995e-11, 16, 27, 36, 60, 108, 120, 168, 201
2019-06-05 20:11:50.173796, 4e-11, 16, 26, 38, 63, 109, 117, 155, 200
2019-06-05 20:11:55.174382, 4.9999999999999995e-11, 18, 26, 39, 68, 100, 116, 158, 200
2019-06-05 20:12:00.175176, 3e-11, 16, 26, 37, 60, 108, 116, 167, 202
2019-06-05 20:12:05.175701, 4.9999999999999995e-11, 17, 28, 35, 61, 105, 120, 162, 202
2019-06-05 20:12:10.175765, 4.9999999999999995e-11, 19, 29, 40, 63, 100, 119, 163, 200
2019-06-05 20:12:15.176015, 6e-11, 19, 27, 36, 62, 110, 120, 164, 202
2019-06-05 20:12:20.176861, 4.9999999999999995e-11, 16, 28, 38, 62, 110, 116, 157, 200
2019-06-05 20:12:25.177562, 4e-11, 15, 29, 40, 67, 102, 115, 159, 201
2019-06-05 20:12:30.178754, 4e-11, 15, 29, 39, 63, 109, 117, 164, 201
2019-06-05 22:09:50.723457, 4e-11, 16, 25, 38, 61, 103, 120, 158, 201
2019-06-05 22:09:55.723754, 3e-11, 17, 26, 40, 63, 109, 119, 159, 201
2019-06-05 22:10:00.724077, 4.9999999999999995e-11, 18, 25, 35, 64, 103, 115, 163, 202
2019-06-05 22:10:05.724250, 4.9999999999999995e-11, 20, 28, 36, 60, 106, 119, 158, 201
2019-06-05 22:10:10.724750, 6e-11, 16, 27, 35, 60, 103, 115, 161, 201
2019-06-05 22:10:15.725702, 4.9999999999999995e-11, 19, 25, 40, 70, 102, 119, 160, 202
2019-06-05 22:10:20.727603, 6e-11, 16, 29, 36, 67, 105, 117, 163, 201
2019-06-05 22:10:25.727852, 4e-11, 20, 27, 38, 69, 106, 118, 162, 200
2019-06-05 22:10:30.728509, 4e-11, 15, 25, 39, 64, 105, 118, 163, 201
2019-06-05 22:10:35.730451, 4e-11, 18, 26, 37, 70, 102, 117, 158, 201
2019-06-05 22:23:10.030861, 4.9999999999999995e-11, 15, 27, 35, 64, 104, 116, 156, 200
2019-06-05 22:23:15.032115, 3e-11, 18, 26, 38, 62, 100, 120, 161, 201
2019-06-05 22:23:20.033069, 3e-11, 16, 26, 37, 66, 106, 117, 167, 201
2019-06-05 22:23:25.033754, 6e-11, 16, 26, 35, 68, 108, 119, 169, 200
2019-06-05 22:23:30.034735, 4.9999999999999995e-11, 15, 25, 38, 68, 103, 116, 165, 202
2019-06-05 22:23:35.035152, 4e-11, 17, 25, 40, 66, 109, 117, 169, 202
2019-06-05 22:23:40.036048, 6e-11, 20, 28, 39, 63, 106, 116, 159, 201
2019-06-05 22:23:45.037694, 6e-11, 20, 25, 39, 62, 101, 120, 158, 202
2019-06-05 22:23:50.038503, 4e-11, 16, 28, 37, 66, 101, 116, 163, 202
2019-06-05 22:23:55.038563, 6e-11, 17, 30, 35, 66, 104, 119, 158, 201
2019-06-05 22:24:00.045378, 4e-11, 18, 25, 39, 61, 100, 116, 167, 200
2019-06-05 22:24:05.046754, 4e-11, 18, 25, 37, 67, 107, 118, 158, 200
2019-06-05 22:24:10.046782, 3e-11, 15, 25, 37, 68, 100, 118, 170, 200
2019-06-05 22:24:15.047524, 3e-11, 15, 25, 37, 68, 102, 116, 165, 202
2019-06-05 22:24:20.047579, 3e-11, 18, 26, 37, 62, 106, 116, 161, 201
2019-06-05 22:24:25.048526, 6e-11, 20, 26, 38, 67, 106, 115, 170, 201
2019-06-05 22:24:30.049410, 4e-11, 19, 26, 35, 68, 101, 116, 159, 200
2019-06-05 22:24:35.049427, 4.9999999999999995e-11, 18, 25, 40, 65, 107, 116, 170, 202
2019-06-05 22:24:40.049673, 4.9999999999999995e-11, 15, 27, 37, 63, 109, 115, 156, 202
2019-06-05 22:24:45.049735, 3e-11, 15, 29, 37, 70, 103, 116, 167, 201
2019-06-05 22:24:50.049798, 3e-11, 16, 25, 39, 67, 109, 120, 163, 201
2019-06-05 22:24:55.049870, 3e-11, 16, 28, 36, 64, 109, 117, 169, 202
2019-06-05 22:25:00.050287, 4.9999999999999995e-11, 19, 28, 38, 62, 103, 117, 170, 202
2019-06-05 22:25:05.051352, 4.9999999999999995e-11, 15, 28, 38, 67, 100, 119, 169, 201
2019-06-05 22:25:10.051415, 4.9999999999999995e-11, 19, 30, 39, 66, 109, 119, 164, 200
2019-06-05 22:25:15.051738, 3e-11, 15, 25, 37, 65, 106, 119, 162, 200
2019-06-05 22:25:20.053579, 4e-11, 20, 29, 38, 69, 103, 118, 164, 200
2019-06-05 22:25:25.054816, 4e-11, 16, 27, 39, 63, 102, 116, 156, 201
2019-06-05 22:25:30.055751, 6e-11, 19, 25, 37, 66, 105, 115, 159, 200
2019-06-05 22:25:35.056693, 6e-11, 19, 30, 36, 62, 106, 115, 166, 202
2019-06-05 22:25:40.056761, 4.9999999999999995e-11, 18, 30, 38, 63, 107, 120, 156, 200
2019-06-05 22:25:45.057647, 3e-11, 18, 30, 39, 64, 101, 116, 164, 200
2019-06-05 22:25:50.057724, 6e-11, 16, 25, 38, 62, 103, 119, 165, 200
2019-06-05 22:25:55.057880, 4.9999999999999995e-11, 16, 28, 39, 61, 100, 119, 155, 200
2019-06-05 22:26:00.057940, 4e-11, 19, 29, 38, 70, 107, 119, 156, 201
2019-06-05 22:26:05.058847, 3e-11, 18, 26, 35, 65, 104, 118, 161, 202
2019-06-05 22:26:10.059875, 6e-11, 15, 25, 40, 70, 100, 117, 166, 202
2019-06-05 22:26:15.060459, 6e-11, 16, 25, 40, 70, 100, 118, 165, 200
2019-06-05 22:26:20.061434, 6e-11, 19, 27, 36, 67, 108, 119, 157, 200
2019-06-05 22:26:25.061481, 6e-11, 18, 26, 39, 62, 109, 115, 168, 201
2019-06-05 22:26:30.061799, 3e-11, 18, 28, 37, 63, 106, 117, 159, 202
2019-06-05 22:26:35.062756, 3e-11, 16, 26, 35, 70, 109, 119, 161, 201
2019-06-05 22:26:40.063752, 6e-11, 17, 30, 35, 63, 108, 119, 160, 201
2019-06-05 22:26:45.064515, 4.9999999999999995e-11, 20, 27, 40, 65, 107, 116, 156, 200
2019-06-05 22:26:50.064934, 3e-11, 19, 30, 38, 66, 110, 120, 161, 202
2019-06-05 22:26:55.065217, 4.9999999999999995e-11, 16, 27, 39, 68, 105, 118, 159, 200
2019-06-05 22:27:00.065758, 6e-11, 15, 30, 36, 67, 110, 117, 162, 201
2019-06-05 22:27:05.065784, 3e-11, 19, 30, 35, 65, 100, 120, 166, 201
2019-06-05 22:27:10.066430, 4e-11, 19, 29, 39, 70, 104, 118, 169, 201
2019-06-05 22:27:15.066565, 4e-11, 15, 27, 37, 60, 103, 117, 159, 202
2019-06-05 22:27:20.066757, 6e-11, 20, 30, 36, 67, 100, 115, 163, 201
2019-06-05 22:27:25.066817, 3e-11, 15, 30, 37, 66, 110, 115, 164, 200
2019-06-05 22:27:30.067536, 6e-11, 19, 30, 36, 62, 104, 117, 155, 200
2019-06-05 22:27:35.067634, 6e-11, 17, 30, 38, 65, 109, 117, 159, 202
2019-06-05 22:27:40.068372, 4.9999999999999995e-11, 20, 29, 40, 60, 103, 115, 157, 201
2019-06-05 22:27:45.068907, 4.9999999999999995e-11, 17, 30, 36, 69, 101, 118, 165, 201
2019-06-05 22:27:50.068980, 3e-11, 20, 29, 38, 61, 109, 117, 165, 202
2019-06-05 22:27:55.069772, 4e-11, 18, 28, 37, 66, 100, 120, 159, 201
2019-06-05 22:28:00.070623, 3e-11, 16, 29, 39, 60, 101, 116, 167, 201
2019-06-05 22:28:05.071687, 6e-11, 17, 30, 38, 68, 101, 120, 167, 202
2019-06-05 22:28:10.073522, 3e-11, 15, 28, 40, 63, 106, 119, 168, 201
2019-06-05 22:28:15.074060, 3e-11, 17, 26, 37, 65, 101, 116, 162, 201
2019-06-05 22:28:20.074738, 3e-11, 16, 25, 38, 68, 104, 116, 170, 202
2019-06-05 22:28:25.075174, 4e-11, 19, 30, 36, 63, 100, 115, 158, 201
2019-06-05 22:28:30.075748, 3e-11, 15, 28, 37, 67, 100, 120, 166, 202
2019-06-05 22:28:35.075924, 4e-11, 18, 30, 37, 69, 105, 115, 161, 202
2019-06-05 22:28:40.076702, 4.9999999999999995e-11, 19, 26, 35, 63, 109, 115, 159, 201
2019-06-05 22:28:45.077585, 3e-11, 20, 25, 37, 61, 107, 117, 161, 201
2019-06-05 22:28:50.077701, 3e-11, 19, 28, 39, 68, 106, 120, 158, 202
2019-06-05 22:28:55.078090, 4.9999999999999995e-11, 17, 27, 37, 60, 102, 116, 157, 200
2019-06-05 22:29:00.078135, 4.9999999999999995e-11, 15, 25, 39, 67, 100, 120, 158, 202
2019-06-05 22:29:05.079034, 4.9999999999999995e-11, 18, 25, 39, 65, 100, 116, 155, 200
2019-06-05 22:29:10.079095, 4e-11, 15, 26, 39, 61, 105, 118, 167, 200
2019-06-05 22:29:15.080006, 3e-11, 19, 29, 39, 64, 100, 119, 156, 200
2019-06-05 22:29:20.080389, 3e-11, 17, 27, 37, 62, 101, 120, 170, 201
2019-06-05 22:29:25.080778, 3e-11, 17, 26, 40, 62, 100, 117, 169, 201
2019-06-05 22:29:30.080841, 4.9999999999999995e-11, 19, 26, 35, 66, 104, 119, 160, 201
2019-06-05 22:29:35.081642, 4.9999999999999995e-11, 17, 30, 38, 61, 102, 119, 157, 201
2019-06-05 22:29:40.081877, 4.9999999999999995e-11, 17, 26, 40, 70, 108, 117, 164, 202
2019-06-05 22:29:45.082800, 4e-11, 18, 29, 40, 69, 102, 119, 158, 202
2019-06-05 22:29:50.084565, 4.9999999999999995e-11, 17, 26, 38, 64, 102, 117, 160, 202
2019-06-05 22:29:55.084598, 3e-11, 18, 27, 36, 68, 101, 117, 169, 201
2019-06-05 22:30:00.084759, 6e-11, 15, 27, 38, 70, 110, 116, 156, 202
2019-06-05 22:30:05.085669, 4e-11, 18, 30, 38, 70, 102, 119, 167, 201
2019-06-05 22:30:10.085744, 4.9999999999999995e-11, 17, 30, 38, 69, 103, 120, 158, 202
2019-06-05 22:30:15.086547, 4e-11, 17, 25, 38, 66, 103, 115, 166, 202
2019-06-05 22:30:20.087266, 6e-11, 20, 25, 35, 60, 108, 119, 164, 200
2019-06-05 22:30:25.088324, 6e-11, 15, 26, 40, 65, 100, 120, 168, 201
2019-06-05 22:30:30.088382, 3e-11, 20, 29, 35, 62, 103, 118, 156, 202
2019-06-05 22:30:35.088578, 4e-11, 20, 28, 38, 63, 100, 117, 164, 201
2019-06-05 22:30:40.088942, 3e-11, 15, 26, 40, 65, 102, 119, 169, 201
2019-06-05 22:30:45.089006, 4.9999999999999995e-11, 20, 30, 40, 63, 110, 118, 160, 200
2019-06-05 22:30:50.089067, 3e-11, 16, 26, 38, 64, 110, 120, 155, 202
2019-06-05 22:30:55.089639, 6e-11, 15, 29, 35, 69, 109, 120, 156, 200
2019-06-05 22:31:00.090355, 6e-11, 19, 29, 40, 61, 108, 117, 169, 201
2019-06-05 22:31:05.090415, 3e-11, 17, 26, 35, 65, 103, 117, 166, 201
2019-06-05 22:31:10.091079, 4.9999999999999995e-11, 20, 29, 35, 64, 100, 119, 157, 200
2019-06-05 22:31:15.091560, 4e-11, 19, 28, 36, 60, 110, 119, 156, 201
2019-06-05 22:31:20.091628, 6e-11, 15, 26, 37, 66, 104, 119, 170, 202
2019-06-05 22:31:25.092462, 6e-11, 17, 30, 40, 61, 108, 120, 156, 202
2019-06-05 22:31:30.092523, 4e-11, 17, 29, 35, 63, 110, 118, 168, 201
2019-06-05 22:31:35.092796, 4e-11, 16, 28, 38, 62, 108, 119, 162, 200
2019-06-05 22:31:40.093721, 3e-11, 18, 27, 39, 62, 103, 119, 161, 200
2019-06-05 22:31:45.094353, 3e-11, 19, 29, 40, 70, 101, 119, 159, 200
2019-06-05 22:31:50.095117, 6e-11, 16, 28, 38, 65, 103, 116, 156, 201
2019-06-05 22:31:55.096095, 4.9999999999999995e-11, 17, 30, 35, 65, 109, 115, 170, 200
2019-06-05 22:32:00.096526, 3e-11, 17, 25, 39, 68, 105, 118, 165, 200
2019-06-05 22:32:05.097494, 4e-11, 15, 29, 35, 62, 108, 115, 169, 202
2019-06-05 22:32:10.098396, 3e-11, 19, 27, 36, 65, 101, 115, 160, 202
2019-06-05 22:32:15.098793, 3e-11, 20, 28, 39, 61, 105, 116, 169, 201
2019-06-05 22:32:20.100076, 4e-11, 16, 27, 39, 66, 101, 118, 167, 202
2019-06-05 22:32:25.100569, 6e-11, 17, 27, 38, 69, 101, 120, 159, 201
2019-06-05 22:32:30.100591, 4e-11, 16, 27, 39, 70, 103, 116, 163, 201
2019-06-05 22:32:35.100740, 4e-11, 17, 27, 38, 66, 104, 118, 168, 201
2019-06-05 22:32:40.100788, 6e-11, 15, 30, 38, 63, 104, 119, 163, 202
2019-06-05 22:32:45.100850, 6e-11, 20, 29, 38, 69, 110, 118, 162, 200
2019-06-05 22:32:50.100876, 6e-11, 19, 29, 35, 65, 109, 115, 162, 200
2019-06-05 22:32:55.100942, 3e-11, 17, 28, 38, 62, 104, 115, 167, 200
2019-06-05 22:33:00.101461, 3e-11, 17, 28, 39, 60, 105, 117, 158, 201
2019-06-05 22:33:05.101714, 6e-11, 19, 30, 37, 63, 103, 117, 155, 201
2019-06-05 22:33:10.103453, 4.9999999999999995e-11, 16, 26, 39, 68, 104, 117, 164, 201
2019-06-05 22:33:15.104755, 3e-11, 20, 25, 36, 63, 103, 120, 162, 202
2019-06-05 22:33:20.105262, 4e-11, 17, 29, 37, 67, 108, 120, 161, 200
2019-06-05 22:33:25.105449, 6e-11, 16, 30, 38, 62, 110, 117, 168, 200
2019-06-05 22:33:30.105800, 4.9999999999999995e-11, 15, 30, 36, 65, 103, 118, 169, 200
2019-06-05 22:33:35.107479, 4.9999999999999995e-11, 19, 29, 40, 61, 109, 118, 167, 202
2019-06-05 22:33:40.107522, 6e-11, 15, 25, 39, 66, 110, 117, 169, 202
2019-06-05 22:33:45.107526, 6e-11, 16, 25, 39, 60, 100, 118, 163, 202
2019-06-05 22:33:50.107586, 4e-11, 18, 30, 38, 68, 101, 119, 155, 200
2019-06-05 22:33:55.108388, 4e-11, 15, 25, 40, 66, 105, 117, 166, 202
2019-06-05 22:34:00.113560, 4.9999999999999995e-11, 18, 28, 37, 70, 108, 119, 158, 201
2019-06-05 22:34:05.115305, 3e-11, 17, 26, 36, 69, 107, 116, 170, 201
2019-06-05 22:34:10.115473, 4.9999999999999995e-11, 19, 26, 39, 65, 104, 118, 167, 200
2019-06-05 22:34:15.115533, 4.9999999999999995e-11, 15, 26, 35, 61, 102, 115, 163, 201
2019-06-05 22:34:20.115542, 4e-11, 20, 25, 39, 62, 105, 119, 165, 200
2019-06-05 22:34:25.116274, 3e-11, 16, 25, 38, 63, 106, 115, 157, 201
2019-06-05 22:34:30.116550, 4e-11, 17, 28, 37, 65, 110, 119, 167, 200
2019-06-05 22:34:35.116691, 3e-11, 16, 30, 39, 68, 101, 116, 161, 202
2019-06-05 22:34:40.116940, 4e-11, 20, 28, 39, 66, 105, 120, 169, 202
2019-06-05 22:34:45.117001, 6e-11, 17, 29, 40, 69, 107, 115, 156, 202
2019-06-05 22:34:50.117047, 3e-11, 20, 28, 36, 62, 109, 115, 156, 202
2019-06-05 22:34:55.118335, 6e-11, 18, 25, 40, 61, 108, 116, 170, 202
2019-06-05 22:35:00.119377, 3e-11, 15, 28, 39, 70, 110, 119, 161, 202
2019-06-05 22:35:05.119575, 6e-11, 17, 28, 37, 69, 101, 116, 158, 201
2019-06-05 22:35:10.119796, 3e-11, 20, 28, 38, 62, 103, 117, 159, 202
2019-06-05 22:35:15.120010, 3e-11, 16, 26, 35, 70, 101, 117, 158, 202
2019-06-05 22:35:20.120309, 3e-11, 15, 26, 36, 62, 100, 116, 158, 202
2019-06-05 22:35:25.120579, 4e-11, 17, 26, 35, 70, 101, 116, 166, 202
2019-06-05 22:35:30.121419, 4e-11, 17, 25, 38, 66, 109, 115, 160, 201
2019-06-05 22:35:35.121639, 4.9999999999999995e-11, 20, 30, 40, 63, 103, 120, 164, 202
2019-06-05 22:35:40.121690, 4.9999999999999995e-11, 16, 25, 35, 63, 103, 115, 165, 201
2019-06-05 22:35:45.122647, 3e-11, 18, 28, 36, 69, 109, 115, 168, 201
2019-06-05 22:35:50.123334, 4e-11, 18, 30, 38, 62, 107, 120, 164, 201
2019-06-05 22:35:55.125224, 6e-11, 15, 29, 36, 61, 101, 115, 159, 201
2019-06-05 22:36:00.126758, 4e-11, 16, 25, 36, 63, 100, 119, 166, 202
2019-06-05 22:36:05.127751, 6e-11, 20, 29, 39, 69, 108, 116, 159, 202
2019-06-05 22:36:10.128768, 3e-11, 20, 29, 39, 64, 101, 118, 155, 201
