2019-06-11 12:07:38.344042, -3, 22.718603134155273, 22.72964096069336, 22.622943878173828, 22.380107879638672, 22.210861206054688, 22.648696899414062, 22.567752838134766, 22.740680694580078
2019-06-11 12:07:48.312003, -3, 22.78544044494629, 22.770723342895508, 22.704496383666992, 22.410152435302734, 22.259302139282227, 22.664024353027344, 22.652986526489258, 22.763364791870117
2019-06-11 12:07:58.277556, -3, 22.741727828979492, 22.690217971801758, 22.679180145263672, 22.366439819335938, 22.09416961669922, 22.576160430908203, 22.49889373779297, 22.745407104492188
2019-06-11 12:08:08.257421, -3, 22.698129653930664, 22.66133689880371, 22.642940521240234, 22.3302001953125, 22.07632827758789, 22.60614776611328, 22.46633529663086, 22.7496395111084
2019-06-11 12:08:18.235624, -3, 22.584394454956055, 22.69109344482422, 22.599111557006836, 22.282691955566406, 21.767589569091797, 22.554960250854492, 22.242219924926758, 22.753643035888672
2019-06-11 12:08:28.204198, -3, 22.396581649780273, 22.716678619384766, 22.536394119262695, 22.20893669128418, 21.565059661865234, 22.433374404907227, 21.932987213134766, 22.746112823486328
2019-06-11 12:08:38.185482, -3, 22.16449737548828, 22.731109619140625, 22.374217987060547, 22.10930633544922, 21.391843795776367, 22.407329559326172, 21.767133712768555, 22.764223098754883
2019-06-11 12:08:48.153722, -3, 22.082809448242188, 22.741403579711914, 22.277812957763672, 22.016582489013672, 21.232891082763672, 22.31092643737793, 21.67072868347168, 22.756120681762695
2019-06-11 12:08:58.130688, -3, 21.960668563842773, 22.7222843170166, 22.218219757080078, 21.960668563842773, 21.29839324951172, 22.155672073364258, 21.699438095092773, 22.740680694580078
2019-06-11 12:09:08.109592, -3, 21.91565704345703, 22.695667266845703, 22.18056869506836, 21.94877052307129, 21.183475494384766, 22.140094757080078, 21.617633819580078, 22.73982048034668
2019-06-11 12:09:18.088273, -3, 21.936532974243164, 22.65031623840332, 22.179367065429688, 21.951250076293945, 21.325767517089844, 22.091062545776367, 21.67162322998047, 22.75333595275879
2019-06-11 12:09:28.069129, -3, 21.920516967773438, 22.619583129882812, 22.159671783447266, 21.931554794311523, 21.18097686767578, 22.049291610717773, 21.622493743896484, 22.74100112915039
2019-06-11 12:09:38.036581, -3, 21.88225555419922, 22.61075782775879, 22.147165298461914, 21.91168975830078, 21.216304779052734, 22.044145584106445, 21.59895133972168, 22.74689292907715
2019-06-11 12:09:48.019320, -3, 21.891521453857422, 22.553794860839844, 22.160110473632812, 21.898880004882812, 21.29915428161621, 22.00189971923828, 21.65604591369629, 22.737760543823242
2019-06-11 12:09:58.001492, -3, 21.93378448486328, 22.504074096679688, 22.187654495239258, 21.889631271362305, 21.370849609375, 22.022085189819336, 21.676231384277344, 22.73954963684082
2019-06-11 12:10:07.985849, -3, 21.97233009338379, 22.498470306396484, 22.218843460083008, 21.920820236206055, 21.49034309387207, 21.9649715423584, 21.784685134887695, 22.741304397583008
2019-06-11 12:10:17.956386, -3, 21.99238395690918, 22.43389892578125, 22.227859497070312, 21.904081344604492, 21.411054611206055, 21.933515548706055, 21.80474090576172, 22.72824478149414
2019-06-11 12:10:27.928887, -3, 22.038002014160156, 22.45376205444336, 22.221965789794922, 21.934982299804688, 21.486106872558594, 21.957056045532227, 21.850357055664062, 22.726030349731445
2019-06-11 12:10:37.913877, -3, 22.102033615112305, 22.499399185180664, 22.23448944091797, 21.958541870117188, 21.531742095947266, 22.03580665588379, 21.895992279052734, 22.734874725341797
2019-06-11 12:10:47.897201, -3, 22.129276275634766, 22.48248863220215, 22.232295989990234, 21.952669143676758, 21.599456787109375, 22.110877990722656, 21.90483856201172, 22.729001998901367
2019-06-11 12:10:57.861695, -3, 22.160043716430664, 22.491180419921875, 22.222591400146484, 21.954004287719727, 21.667016983032227, 22.145326614379883, 21.961360931396484, 22.726655960083008
2019-06-11 12:11:07.846892, -3, 22.201982498168945, 22.518402099609375, 22.260852813720703, 21.97018814086914, 21.664806365966797, 22.098962783813477, 21.984905242919922, 22.73548126220703
2019-06-11 12:11:17.813307, -3, 22.243942260742188, 22.538286209106445, 22.277055740356445, 21.99742889404297, 21.717802047729492, 22.11516571044922, 22.078372955322266, 22.72593116760254
2019-06-11 12:11:27.781012, -3, 22.315332412719727, 22.525054931640625, 22.30429458618164, 22.024669647216797, 21.778156280517578, 22.149765014648438, 22.142406463623047, 22.731094360351562
2019-06-11 12:11:37.766407, -3, 22.34270668029785, 22.500917434692383, 22.34270668029785, 22.05204200744629, 21.772415161132812, 22.118270874023438, 22.129308700561523, 22.729034423828125
2019-06-11 12:11:47.733716, -3, 22.3553466796875, 22.524595260620117, 22.377422332763672, 22.068361282348633, 21.77769660949707, 22.18977928161621, 22.16034507751465, 22.730636596679688
2019-06-11 12:11:57.717982, -3, 22.386438369750977, 22.537290573120117, 22.40851402282715, 22.088415145874023, 21.812467575073242, 22.283418655395508, 22.195114135742188, 22.721254348754883
2019-06-11 12:12:07.706701, -3, 22.35157012939453, 22.546573638916016, 22.403079986572266, 22.06090545654297, 21.773921966552734, 22.2963809967041, 22.134490966796875, 22.708463668823242
2019-06-11 12:12:17.692106, -3, 22.357154846191406, 22.53008270263672, 22.382909774780273, 22.048093795776367, 21.82733726501465, 22.335079193115234, 22.16583251953125, 22.714048385620117
2019-06-11 12:12:27.675529, -3, 22.392192840576172, 22.543045043945312, 22.392192840576172, 22.083133697509766, 21.85869598388672, 22.362760543823242, 22.204551696777344, 22.719650268554688
2019-06-11 12:12:37.643109, -3, 22.401456832885742, 22.519195556640625, 22.416173934936523, 22.0960750579834, 21.904752731323242, 22.33155059814453, 22.210134506225586, 22.721555709838867
2019-06-11 12:12:47.629694, -3, 22.451499938964844, 22.569236755371094, 22.503009796142578, 22.109323501586914, 21.929039001464844, 22.377912521362305, 22.274890899658203, 22.723766326904297
2019-06-11 12:12:57.617328, -3, 22.49786376953125, 22.57512664794922, 22.567768096923828, 22.152008056640625, 21.99747657775879, 22.36172866821289, 22.33965301513672, 22.729658126831055
2019-06-11 12:13:07.582490, -3, 22.57398223876953, 22.592378616333008, 22.60709571838379, 22.206052780151367, 22.183977127075195, 22.419452667236328, 22.408414840698242, 22.74323081970215
2019-06-11 12:13:17.571649, -3, 22.587364196777344, 22.602081298828125, 22.587364196777344, 22.21943473815918, 22.0980167388916, 22.403398513793945, 22.425474166870117, 22.727176666259766
2019-06-11 12:13:27.539697, -3, 22.582672119140625, 22.630504608154297, 22.553239822387695, 22.229459762573242, 22.030778884887695, 22.383991241455078, 22.39870834350586, 22.718807220458984
2019-06-11 12:13:37.529310, -3, 22.526473999023438, 22.530153274536133, 22.474964141845703, 22.23213005065918, 22.011371612548828, 22.382980346679688, 22.39034080505371, 22.732515335083008
2019-06-11 12:13:47.509845, -3, 22.50718116760254, 22.529258728027344, 22.407840728759766, 22.24595069885254, 22.05462646484375, 22.3563289642334, 22.429916381835938, 22.72793960571289
2019-06-11 12:13:57.497280, -3, 22.495399475097656, 22.557947158813477, 22.370302200317383, 22.22313117980957, 22.020769119262695, 22.407094955444336, 22.399736404418945, 22.723514556884766
2019-06-11 12:14:07.483882, -3, 22.531465530395508, 22.605052947998047, 22.384294509887695, 22.226085662841797, 21.997968673706055, 22.39533233642578, 22.384294509887695, 22.733827590942383
2019-06-11 12:14:17.450705, -3, 22.549291610717773, 22.611839294433594, 22.40947723388672, 22.23655128479004, 22.001075744628906, 22.446269989013672, 22.402118682861328, 22.733257293701172
2019-06-11 12:14:27.441298, -3, 22.5488338470459, 22.615060806274414, 22.40534210205078, 22.221376419067383, 21.952787399291992, 22.397981643676758, 22.346471786499023, 22.7291202545166
2019-06-11 12:14:37.431905, -3, 22.552188873291016, 22.58898162841797, 22.405017852783203, 22.228412628173828, 21.97821807861328, 22.42341423034668, 22.386621475219727, 22.728796005249023
2019-06-11 12:14:47.399154, -3, 22.577524185180664, 22.614316940307617, 22.43035125732422, 22.213274002075195, 21.999874114990234, 22.408275604248047, 22.408275604248047, 22.732053756713867
2019-06-11 12:14:57.392555, -3, 22.603145599365234, 22.595787048339844, 22.49644660949707, 22.194744110107422, 22.04021453857422, 22.415502548217773, 22.444934844970703, 22.720884323120117
2019-06-11 12:15:07.384410, -3, 22.63608741760254, 22.58089828491211, 22.58089828491211, 22.20193099975586, 22.098909378051758, 22.378536224365234, 22.38221549987793, 22.702316284179688
2019-06-11 12:15:17.375623, -3, 22.687463760375977, 22.5918025970459, 22.632274627685547, 22.234909057617188, 22.117172241210938, 22.411518096923828, 22.481422424316406, 22.720577239990234
2019-06-11 12:15:27.365894, -3, 22.683650970458984, 22.547517776489258, 22.64685821533203, 22.23845672607422, 22.098642349243164, 22.44817543029785, 22.459213256835938, 22.713085174560547
2019-06-11 12:15:37.334365, -3, 22.67613983154297, 22.540006637573242, 22.646705627441406, 22.260379791259766, 21.98811149597168, 22.45538330078125, 22.459060668945312, 22.72397232055664
2019-06-11 12:15:47.309082, -3, 22.675987243652344, 22.572967529296875, 22.653911590576172, 22.274944305419922, 22.04682731628418, 22.455228805541992, 22.422115325927734, 22.716459274291992
2019-06-11 12:15:57.305670, -3, 22.642873764038086, 22.628156661987305, 22.635515213012695, 22.285982131958008, 21.907014846801758, 22.451549530029297, 22.38532257080078, 22.723817825317383
2019-06-11 12:16:07.273571, -3, 22.624629974365234, 22.654064178466797, 22.654064178466797, 22.29717254638672, 21.94763946533203, 22.451704025268555, 22.411230087280273, 22.712932586669922
2019-06-11 12:16:17.261906, -3, 22.61359405517578, 22.687179565429688, 22.657743453979492, 22.31924819946289, 21.962356567382812, 22.444345474243164, 22.411230087280273, 22.71661376953125
2019-06-11 12:16:27.230553, -3, 22.610065460205078, 22.68733024597168, 22.6726131439209, 22.326757431030273, 22.002981185913086, 22.444496154785156, 22.459213256835938, 22.720443725585938
2019-06-11 12:16:37.224467, -3, 22.580764770507812, 22.680105209350586, 22.658029556274414, 22.323213577270508, 21.881696701049805, 22.444629669189453, 22.42255401611328, 22.713218688964844
2019-06-11 12:16:47.219460, -3, 22.547956466674805, 22.698806762695312, 22.632579803466797, 22.316160202026367, 21.874645233154297, 22.44125747680664, 22.360313415527344, 22.713525772094727
2019-06-11 12:16:57.212475, -3, 22.570470809936523, 22.717641830444336, 22.60358428955078, 22.320280075073242, 21.94131088256836, 22.452733993530273, 22.4306583404541, 22.717641830444336
2019-06-11 12:17:07.200857, -3, 22.56707763671875, 22.69585418701172, 22.54132080078125, 22.309526443481445, 22.02989959716797, 22.445659637451172, 22.412546157836914, 22.710569381713867
2019-06-11 12:17:17.174042, -3, 22.61534881591797, 22.663179397583008, 22.578556060791016, 22.313644409179688, 22.103925704956055, 22.49761199951172, 22.460817337036133, 22.718368530273438
2019-06-11 12:17:27.174228, -3, 22.65993881225586, 22.67465591430664, 22.623144149780273, 22.321443557739258, 22.155874252319336, 22.520124435424805, 22.505407333374023, 22.711448669433594
2019-06-11 12:17:37.171062, -3, 22.66788673400879, 22.693641662597656, 22.653169631958008, 22.329391479492188, 22.053443908691406, 22.524394989013672, 22.513357162475586, 22.704679489135742
2019-06-11 12:17:47.138225, -3, 22.66863250732422, 22.69806671142578, 22.64287567138672, 22.341175079345703, 22.14617156982422, 22.5803279876709, 22.595046997070312, 22.712783813476562
2019-06-11 12:17:57.134511, -3, 22.73541259765625, 22.72069549560547, 22.654468536376953, 22.367483139038086, 22.271820068359375, 22.639751434326172, 22.66550636291504, 22.717016220092773
2019-06-11 12:18:07.132543, -3, 22.776493072509766, 22.74338150024414, 22.721303939819336, 22.375450134277344, 22.294506072998047, 22.548377990722656, 22.666114807128906, 22.706588745117188
2019-06-11 12:18:17.129679, -3, 22.762502670288086, 22.75146484375, 22.73674774169922, 22.361459732055664, 22.107587814331055, 22.563819885253906, 22.563819885253906, 22.70363426208496
2019-06-11 12:18:27.121783, -3, 22.656545639038086, 22.781641006469727, 22.593997955322266, 22.33644676208496, 22.016347885131836, 22.571922302246094, 22.380598068237305, 22.722774505615234
2019-06-11 12:18:37.090698, -3, 22.510099411010742, 22.78604507446289, 22.454910278320312, 22.285661697387695, 21.972919464111328, 22.58000373840332, 22.326133728027344, 22.705101013183594
2019-06-11 12:18:47.088302, -3, 22.485088348388672, 22.76103401184082, 22.38942527770996, 22.2790470123291, 21.962627410888672, 22.577070236206055, 22.330556869506836, 22.71688461303711
2019-06-11 12:18:57.086369, -3, 22.43401527404785, 22.75411605834961, 22.40458106994629, 22.213258743286133, 21.815893173217773, 22.507600784301758, 22.194862365722656, 22.717323303222656
2019-06-11 12:19:07.054070, -3, 22.39398193359375, 22.747196197509766, 22.405019760131836, 22.169544219970703, 21.775859832763672, 22.42709732055664, 22.15850830078125, 22.710403442382812
2019-06-11 12:19:17.055033, -3, 22.371906280517578, 22.73247718811035, 22.382946014404297, 22.14011001586914, 21.775859832763672, 22.44181251525879, 22.129074096679688, 22.72511863708496
2019-06-11 12:19:27.023889, -3, 22.353626251220703, 22.695798873901367, 22.379379272460938, 22.096073150634766, 21.805408477783203, 22.3315486907959, 22.125507354736328, 22.717876434326172
2019-06-11 12:19:37.004051, -3, 22.423416137695312, 22.68096923828125, 22.368227005004883, 22.081241607666016, 22.073884963989258, 22.335113525390625, 22.22841453552246, 22.706722259521484
2019-06-11 12:19:46.992978, -3, 22.456378936767578, 22.658740997314453, 22.404869079589844, 22.095806121826172, 21.963354110717773, 22.342321395874023, 22.23562240600586, 22.717609405517578
2019-06-11 12:19:56.991038, -3, 22.43062400817871, 22.618267059326172, 22.382793426513672, 22.0994873046875, 21.919200897216797, 22.34967803955078, 22.20986557006836, 22.706571578979492
2019-06-11 12:20:06.992955, -3, 22.460058212280273, 22.621946334838867, 22.37543487548828, 22.117883682250977, 22.014862060546875, 22.309207916259766, 22.276092529296875, 22.717609405517578
2019-06-11 12:20:16.959606, -3, 22.489492416381836, 22.62930679321289, 22.4379825592041, 22.128921508789062, 21.985427856445312, 22.29817008972168, 22.28713035583496, 22.728647232055664
2019-06-11 12:20:26.927591, -3, 22.507888793945312, 22.621946334838867, 22.474775314331055, 22.143638610839844, 21.98910903930664, 22.316566467285156, 22.32024383544922, 22.706571578979492
2019-06-11 12:20:36.931003, -3, 22.52275848388672, 22.603702545166016, 22.52643585205078, 22.191621780395508, 21.970863342285156, 22.33143424987793, 22.360868453979492, 22.717761993408203
2019-06-11 12:20:46.897671, -3, 22.486251831054688, 22.537761688232422, 22.464176177978516, 22.232379913330078, 21.97850799560547, 22.364835739135742, 22.364835739135742, 22.718048095703125
2019-06-11 12:20:56.891396, -3, 22.486404418945312, 22.596782684326172, 22.398099899291992, 22.243568420410156, 22.015453338623047, 22.41649627685547, 22.346590042114258, 22.721878051757812
2019-06-11 12:21:06.861867, -3, 22.464479446411133, 22.596935272216797, 22.357778549194336, 22.225324630737305, 21.9677734375, 22.405611038208008, 22.29155158996582, 22.718351364135742
2019-06-11 12:21:16.829973, -3, 22.46474838256836, 22.633996963500977, 22.380125045776367, 22.232952117919922, 22.004837036132812, 22.41691780090332, 22.36172866821289, 22.729658126831055
2019-06-11 12:21:26.824639, -3, 22.439298629760742, 22.645339965820312, 22.358352661132812, 22.21854019165039, 21.920516967773438, 22.435619354248047, 22.185426712036133, 22.71892547607422
2019-06-11 12:21:36.789401, -3, 22.432090759277344, 22.59398078918457, 22.343788146972656, 22.196617126464844, 21.891233444213867, 22.421052932739258, 22.16718292236328, 22.715396881103516
2019-06-11 12:21:46.786019, -3, 22.45443344116211, 22.4617919921875, 22.380847930908203, 22.189523696899414, 21.865745544433594, 22.439716339111328, 22.218957901000977, 22.71566390991211
2019-06-11 12:21:56.786488, -3, 22.454912185668945, 22.45859146118164, 22.40340232849121, 22.18264389038086, 21.869903564453125, 22.351890563964844, 22.20471954345703, 22.723499298095703
2019-06-11 12:22:06.781290, -3, 22.50668716430664, 22.440462112426758, 22.451499938964844, 22.18290901184082, 21.940074920654297, 22.355836868286133, 22.26385498046875, 22.723766326904297
2019-06-11 12:22:16.777884, -3, 22.525388717651367, 22.481237411499023, 22.4996337890625, 22.19057273864746, 21.958778381347656, 22.308311462402344, 22.293594360351562, 22.71303367614746
2019-06-11 12:22:26.747182, -3, 22.540258407592773, 22.525543212890625, 22.56969451904297, 22.201763153076172, 22.017799377441406, 22.264312744140625, 22.293746948242188, 22.720544815063477
2019-06-11 12:22:36.742813, -3, 22.52581024169922, 22.573640823364258, 22.58835792541504, 22.205711364746094, 21.889291763305664, 22.268259048461914, 22.257221221923828, 22.709775924682617
2019-06-11 12:22:46.737848, -3, 22.493154525756836, 22.621929168701172, 22.603532791137695, 22.224565505981445, 21.878711700439453, 22.331266403198242, 22.265037536621094, 22.71759033203125
2019-06-11 12:22:56.734240, -3, 22.526554107666016, 22.6185359954834, 22.589101791381836, 22.235889434814453, 21.941545486450195, 22.349946975708008, 22.36466407775879, 22.721555709838867
2019-06-11 12:23:06.731728, -3, 22.523178100585938, 22.651954650878906, 22.578367233276367, 22.25459098815918, 21.901378631591797, 22.416479110717773, 22.335535049438477, 22.707143783569336
2019-06-11 12:23:16.701410, -3, 22.54937171936035, 22.66343116760254, 22.597204208374023, 22.280784606933594, 21.905494689941406, 22.420597076416016, 22.350688934326172, 22.714941024780273
2019-06-11 12:23:26.698548, -3, 22.542451858520508, 22.66754913330078, 22.58660316467285, 22.292261123657227, 21.91697120666504, 22.424715042114258, 22.347450256347656, 22.711700439453125
2019-06-11 12:23:36.688858, -3, 22.553911209106445, 22.59806251525879, 22.616458892822266, 22.29636001586914, 21.829090118408203, 22.443532943725586, 22.344192504882812, 22.712120056152344
2019-06-11 12:23:46.655905, -3, 22.5726318359375, 22.583669662475586, 22.657255172729492, 22.322439193725586, 21.976585388183594, 22.46225357055664, 22.432817459106445, 22.712444305419922
2019-06-11 12:23:56.660590, -3, 22.606164932250977, 22.631919860839844, 22.661354064941406, 22.3265380859375, 21.973325729370117, 22.440597534179688, 22.42955780029297, 22.72022247314453
2019-06-11 12:24:06.628872, -3, 22.624866485595703, 22.683734893798828, 22.67637825012207, 22.31948471069336, 22.006746292114258, 22.411468505859375, 22.466657638549805, 22.709491729736328
2019-06-11 12:24:16.595154, -3, 22.67311668395996, 22.702550888061523, 22.702550888061523, 22.34933853149414, 22.06603240966797, 22.459716796875, 22.470754623413086, 22.720947265625
2019-06-11 12:24:26.602353, -3, 22.63336944580078, 22.703275680541992, 22.640727996826172, 22.335346221923828, 21.974775314331055, 22.48251724243164, 22.427330017089844, 22.71431541442871
2019-06-11 12:24:36.569921, -3, 22.630300521850586, 22.678133010864258, 22.630300521850586, 22.346994400024414, 21.949630737304688, 22.4610538482666, 22.442657470703125, 22.71492576599121
2019-06-11 12:24:46.579082, -3, 22.627212524414062, 22.664005279541016, 22.627212524414062, 22.35126495361328, 22.00908851623535, 22.480039596557617, 22.4947566986084, 22.71551513671875
2019-06-11 12:24:56.575428, -3, 22.631635665893555, 22.68314552307129, 22.631635665893555, 22.352008819580078, 22.039268493652344, 22.440311431884766, 22.50286102294922, 22.70522117614746
2019-06-11 12:25:06.571502, -3, 22.632360458374023, 22.64339828491211, 22.632360458374023, 22.319618225097656, 21.988483428955078, 22.463111877441406, 22.415281295776367, 22.716983795166016
2019-06-11 12:25:16.566535, -3, 22.56672477722168, 22.596158981323242, 22.51153564453125, 22.290775299072266, 22.040584564208984, 22.500497817993164, 22.426910400390625, 22.7065372467041
2019-06-11 12:25:26.534815, -3, 22.552730560302734, 22.633676528930664, 22.468107223510742, 22.251028060913086, 22.000835418701172, 22.482824325561523, 22.339330673217773, 22.72197723388672
2019-06-11 12:25:36.536150, -3, 22.520055770874023, 22.670907974243164, 22.48326301574707, 22.244108200073242, 21.9387264251709, 22.383922576904297, 22.31769561767578, 22.711380004882812
2019-06-11 12:25:46.530797, -3, 22.439416885375977, 22.68960952758789, 22.465171813964844, 22.218658447265625, 21.755067825317383, 22.332717895507812, 22.163471221923828, 22.700647354125977
2019-06-11 12:25:56.523472, -3, 22.388195037841797, 22.69357681274414, 22.454421997070312, 22.185832977294922, 21.700164794921875, 22.26677703857422, 22.046018600463867, 22.704614639282227
2019-06-11 12:26:06.531775, -3, 22.281494140625, 22.689895629882812, 22.351402282714844, 22.075454711914062, 21.59346580505371, 22.263097763061523, 21.91724395751953, 22.70829200744629
2019-06-11 12:26:16.497361, -3, 22.20407485961914, 22.69342041015625, 22.29973602294922, 22.01275062561035, 21.534440994262695, 22.248226165771484, 21.93548583984375, 22.71181869506836
2019-06-11 12:26:26.496383, -3, 22.200092315673828, 22.685758590698242, 22.32518768310547, 21.9609375, 21.486309051513672, 22.22216796875, 21.894710540771484, 22.715192794799805
2019-06-11 12:26:36.506400, -3, 22.181276321411133, 22.648548126220703, 22.291654586791992, 21.942121505737305, 21.570512771606445, 22.170238494873047, 21.920045852661133, 22.72213363647461
2019-06-11 12:26:46.474376, -3, 22.202608108520508, 22.61100959777832, 22.2872314453125, 21.937698364257812, 21.65439224243164, 22.147417068481445, 21.95609474182129, 22.710351943969727
2019-06-11 12:26:56.478706, -3, 22.220277786254883, 22.599246978759766, 22.268108367919922, 21.940650939941406, 21.71621322631836, 22.18348503112793, 22.00320053100586, 22.716983795166016
2019-06-11 12:27:06.444785, -3, 22.307857513427734, 22.583805084228516, 22.278423309326172, 21.958324432373047, 21.822189331054688, 22.226911544799805, 22.05030632019043, 22.719938278198242
2019-06-11 12:27:16.410114, -3, 22.354812622070312, 22.586606979370117, 22.354812622070312, 21.99056053161621, 21.847068786621094, 22.244430541992188, 22.130374908447266, 22.715381622314453
2019-06-11 12:27:26.385786, -3, 22.390708923339844, 22.56731414794922, 22.390708923339844, 22.055891036987305, 21.853530883789062, 22.295045852661133, 22.192026138305664, 22.718164443969727
2019-06-11 12:27:36.353609, -3, 22.400848388671875, 22.57745361328125, 22.430282592773438, 22.06603240966797, 21.871028900146484, 22.35669708251953, 22.176410675048828, 22.720947265625
2019-06-11 12:27:46.350156, -3, 22.388954162597656, 22.594995498657227, 22.451501846313477, 22.07621192932129, 21.87017250061035, 22.333765029907227, 22.22706413269043, 22.720090866088867
2019-06-11 12:27:56.357838, -3, 22.4101505279541, 22.5941162109375, 22.47637939453125, 22.108448028564453, 21.924484252929688, 22.321847915649414, 22.248262405395508, 22.715532302856445
2019-06-11 12:28:06.356304, -3, 22.44606590270996, 22.600597381591797, 22.47917938232422, 22.10021209716797, 22.078136444091797, 22.32097053527832, 22.2584228515625, 22.70729637145996
2019-06-11 12:28:16.367611, -3, 22.48566246032715, 22.61811637878418, 22.51509666442871, 22.12141227722168, 22.29433822631836, 22.382640838623047, 22.298017501831055, 22.713777542114258
2019-06-11 12:28:26.333600, -3, 22.558504104614258, 22.654163360595703, 22.591615676879883, 22.18321418762207, 22.047080993652344, 22.403972625732422, 22.345104217529297, 22.731430053710938
2019-06-11 12:28:36.331560, -3, 22.57249641418457, 22.64240264892578, 22.601930618286133, 22.211925506591797, 22.038997650146484, 22.399568557739258, 22.366455078125, 22.73070526123047
2019-06-11 12:28:46.337783, -3, 22.58662223815918, 22.605018615722656, 22.59398078918457, 22.207653045654297, 22.07887840270996, 22.354825973510742, 22.384260177612305, 22.722755432128906
2019-06-11 12:28:56.340194, -3, 22.586030960083008, 22.608108520507812, 22.62282371520996, 22.21442222595215, 22.041494369506836, 22.354236602783203, 22.387348175048828, 22.722164154052734
2019-06-11 12:29:06.306070, -3, 22.59295082092285, 22.640783309936523, 22.603988647460938, 22.221342086791992, 22.055774688720703, 22.35747528076172, 22.408987045288086, 22.721725463867188
2019-06-11 12:29:16.272236, -3, 22.636816024780273, 22.658891677856445, 22.636816024780273, 22.232093811035156, 22.217376708984375, 22.37926483154297, 22.449172973632812, 22.717761993408203
2019-06-11 12:29:26.276966, -3, 22.66581153869629, 22.62533950805664, 22.673171997070312, 22.24637222290039, 22.12863540649414, 22.422977447509766, 22.474489212036133, 22.72100067138672
2019-06-11 12:29:36.284466, -3, 22.636205673217773, 22.595733642578125, 22.59205436706543, 22.26091766357422, 22.095348358154297, 22.44120216369629, 22.492713928222656, 22.728187561035156
2019-06-11 12:29:46.255531, -3, 22.551315307617188, 22.562353134155273, 22.496126174926758, 22.275367736816406, 21.977344512939453, 22.45565414428711, 22.404144287109375, 22.71688461303711
2019-06-11 12:29:56.265527, -3, 22.532766342163086, 22.543804168701172, 22.45918083190918, 22.271535873413086, 21.988229751586914, 22.44814109802246, 22.312007904052734, 22.71673011779785
2019-06-11 12:30:06.232302, -3, 22.50701141357422, 22.587955474853516, 22.444461822509766, 22.271535873413086, 21.877849578857422, 22.477577209472656, 22.341442108154297, 22.724088668823242
2019-06-11 12:30:16.203674, -3, 22.492141723632812, 22.558366775512695, 22.459026336669922, 22.260343551635742, 21.840904235839844, 22.49949836730957, 22.30449676513672, 22.723936080932617
2019-06-11 12:30:26.170903, -3, 22.510536193847656, 22.543649673461914, 22.521574020385742, 22.260343551635742, 21.925527572631836, 22.42959213256836, 22.352325439453125, 22.70553970336914
2019-06-11 12:30:36.174444, -3, 22.543649673461914, 22.532611846923828, 22.58780288696289, 22.271381378173828, 21.9549617767334, 22.462705612182617, 22.403837203979492, 22.727615356445312
2019-06-11 12:30:46.173784, -3, 22.576763153076172, 22.525253295898438, 22.606197357177734, 22.264022827148438, 22.010150909423828, 22.44430923461914, 22.42223358154297, 22.701860427856445
2019-06-11 12:30:56.181515, -3, 22.613710403442383, 22.580596923828125, 22.63946533203125, 22.293611526489258, 22.002946853637695, 22.484933853149414, 22.466537475585938, 22.727767944335938
2019-06-11 12:31:06.195821, -3, 22.595314025878906, 22.62106704711914, 22.661540985107422, 22.30832862854004, 21.940397262573242, 22.484933853149414, 22.4187068939209, 22.71673011779785
2019-06-11 12:31:16.196672, -3, 22.584428787231445, 22.610183715820312, 22.632259368896484, 22.315839767456055, 22.006778717041016, 22.474050521850586, 22.466691970825195, 22.70584487915039
2019-06-11 12:31:26.164539, -3, 22.573543548583984, 22.639772415161133, 22.617694854736328, 22.319671630859375, 21.86711883544922, 22.492599487304688, 22.448448181152344, 22.717037200927734
2019-06-11 12:31:36.171745, -3, 22.595733642578125, 22.680356979370117, 22.569978713989258, 22.33818244934082, 21.988649368286133, 22.52950668334961, 22.389692306518555, 22.71714973449707
2019-06-11 12:31:46.184330, -3, 22.632850646972656, 22.71747589111328, 22.603418350219727, 22.360584259033203, 21.996334075927734, 22.533510208129883, 22.42681121826172, 22.724834442138672
2019-06-11 12:31:56.151554, -3, 22.596343994140625, 22.728797912597656, 22.570589065551758, 22.349830627441406, 21.948787689208984, 22.52643585205078, 22.405019760131836, 22.721439361572266
2019-06-11 12:32:06.155746, -3, 22.59295082092285, 22.7364444732666, 22.552478790283203, 22.34276008605957, 21.97850799560547, 22.478893280029297, 22.38323211669922, 22.710689544677734
2019-06-11 12:32:16.123179, -3, 22.57867431640625, 22.73688316345215, 22.571313858032227, 22.328479766845703, 21.901681900024414, 22.49772834777832, 22.402067184448242, 22.707448959350586
2019-06-11 12:32:26.122679, -3, 22.579261779785156, 22.722755432128906, 22.582942962646484, 22.34010887145996, 21.93906593322754, 22.524072647094727, 22.44312858581543, 22.715396881103516
2019-06-11 12:32:36.133940, -3, 22.532024383544922, 22.701271057128906, 22.554100036621094, 22.337020874023438, 21.93965721130371, 22.51730728149414, 22.410606384277344, 22.708629608154297
2019-06-11 12:32:46.104341, -3, 22.576766967773438, 22.665069580078125, 22.587804794311523, 22.344970703125, 22.01383399963379, 22.53629493713379, 22.433273315429688, 22.7092227935791
2019-06-11 12:32:56.117555, -3, 22.59954833984375, 22.636341094970703, 22.59954833984375, 22.35303497314453, 22.040294647216797, 22.533321380615234, 22.49652862548828, 22.713605880737305
2019-06-11 12:33:06.084041, -3, 22.62970733642578, 22.592914581298828, 22.592914581298828, 22.350080490112305, 21.996868133544922, 22.541404724121094, 22.519329071044922, 22.706972122192383
2019-06-11 12:33:16.096506, -3, 22.6156005859375, 22.571449279785156, 22.67078971862793, 22.36908721923828, 22.004837036132812, 22.538333892822266, 22.461069107055664, 22.72597885131836
2019-06-11 12:33:26.096037, -3, 22.601627349853516, 22.608985900878906, 22.712005615234375, 22.373510360717773, 21.994543075561523, 22.557476043701172, 22.476530075073242, 22.719364166259766
2019-06-11 12:33:36.062320, -3, 22.620750427246094, 22.63914680480957, 22.690656661987305, 22.363197326660156, 22.050458908081055, 22.539806365966797, 22.484615325927734, 22.712732315063477
2019-06-11 12:33:46.066038, -3, 22.654720306396484, 22.669437408447266, 22.698871612548828, 22.34933853149414, 22.09546661376953, 22.518585205078125, 22.50754737854004, 22.71358871459961
2019-06-11 12:33:56.074536, -3, 22.644407272338867, 22.706954956054688, 22.65912437438965, 22.353742599487305, 22.08883285522461, 22.493555068969727, 22.497236251831055, 22.725353240966797
2019-06-11 12:34:06.083765, -3, 22.55702018737793, 22.729948043823242, 22.545982360839844, 22.332584381103516, 22.071353912353516, 22.457679748535156, 22.465038299560547, 22.718910217285156
2019-06-11 12:34:16.097270, -3, 22.554046630859375, 22.752729415893555, 22.513574600219727, 22.333288192749023, 22.123567581176758, 22.473102569580078, 22.410554885864258, 22.719615936279297
2019-06-11 12:34:26.065456, -3, 22.529014587402344, 22.73137664794922, 22.49958038330078, 22.293540954589844, 21.97711944580078, 22.418636322021484, 22.35240936279297, 22.701942443847656
2019-06-11 12:34:36.073445, -3, 22.489288330078125, 22.728443145751953, 22.496646881103516, 22.264850616455078, 21.871166229248047, 22.441457748413086, 22.261171340942383, 22.713726043701172
2019-06-11 12:34:46.082513, -3, 22.360816955566406, 22.710351943969727, 22.456480026245117, 22.187891006469727, 21.65439224243164, 22.427043914794922, 22.062793731689453, 22.71402931213379
2019-06-11 12:34:56.088094, -3, 22.261476516723633, 22.67355728149414, 22.401288986206055, 22.103267669677734, 21.507221221923828, 22.416006088256836, 21.941377639770508, 22.717708587646484
2019-06-11 12:35:06.091468, -3, 22.17671775817871, 22.658706665039062, 22.32021141052246, 22.05162239074707, 21.628501892089844, 22.32021141052246, 21.970678329467773, 22.710216522216797
2019-06-11 12:35:16.058355, -3, 22.220565795898438, 22.658401489257812, 22.341981887817383, 22.040279388427734, 21.613481521606445, 22.294151306152344, 21.98141098022461, 22.717269897460938
2019-06-11 12:35:26.059113, -3, 22.209087371826172, 22.646926879882812, 22.334184646606445, 22.036161422729492, 21.67559051513672, 22.26795768737793, 22.017765045166016, 22.72418975830078
2019-06-11 12:35:36.071906, -3, 22.21600914001465, 22.635448455810547, 22.3337459564209, 22.03204345703125, 21.653076171875, 22.271198272705078, 22.03940200805664, 22.716392517089844
2019-06-11 12:35:46.037324, -3, 22.222909927368164, 22.616596221923828, 22.325931549072266, 22.064701080322266, 21.64158058166504, 22.31121253967285, 22.031585693359375, 22.7159366607666
2019-06-11 12:35:56.053460, -3, 22.229846954345703, 22.61249542236328, 22.32918930053711, 22.056921005249023, 21.67059326171875, 22.24088478088379, 22.042203903198242, 22.71551513671875
2019-06-11 12:36:06.019741, -3, 22.30284309387207, 22.582469940185547, 22.354352951049805, 22.100482940673828, 21.920196533203125, 22.24765396118164, 22.174068450927734, 22.71492576599121
2019-06-11 12:36:15.985515, -3, 22.390535354614258, 22.48251724243164, 22.375818252563477, 22.155061721801758, 22.169776916503906, 22.30959129333496, 22.276477813720703, 22.706954956054688
2019-06-11 12:36:26.000321, -3, 22.4674015045166, 22.441646575927734, 22.437965393066406, 22.191452026367188, 22.070035934448242, 22.331266403198242, 22.31654930114746, 22.706554412841797
2019-06-11 12:36:35.966668, -3, 22.455923080444336, 22.44488525390625, 22.415451049804688, 22.179977416992188, 21.951860427856445, 22.37497901916504, 22.246204376220703, 22.709794998168945
2019-06-11 12:36:45.945256, -3, 22.459299087524414, 22.48505401611328, 22.51080894470215, 22.190710067749023, 21.992027282714844, 22.418827056884766, 22.293729782104492, 22.71685028076172
2019-06-11 12:36:55.962433, -3, 22.47357749938965, 22.547163009643555, 22.514049530029297, 22.18659210205078, 21.95111846923828, 22.42574691772461, 22.28225326538086, 22.716411590576172
2019-06-11 12:37:05.969457, -3, 22.498722076416016, 22.528156280517578, 22.498722076416016, 22.18598175048828, 21.968902587890625, 22.36626625061035, 22.340511322021484, 22.712120056152344
2019-06-11 12:37:15.978474, -3, 22.50933837890625, 22.513017654418945, 22.483583450317383, 22.181880950927734, 21.968481063842773, 22.421035766601562, 22.347450256347656, 22.70802116394043
2019-06-11 12:37:25.945258, -3, 22.549240112304688, 22.549240112304688, 22.490371704101562, 22.196025848388672, 21.971590042114258, 22.44622039794922, 22.36527442932129, 22.71480941772461
2019-06-11 12:37:35.955081, -3, 22.56715965270996, 22.563480377197266, 22.51197052001953, 22.202909469604492, 22.000547409057617, 22.47149658203125, 22.401592254638672, 22.7180118560791
2019-06-11 12:37:45.969733, -3, 22.566740036010742, 22.58513641357422, 22.53730583190918, 22.198810577392578, 22.003807067871094, 22.48211669921875, 22.382774353027344, 22.71023178100586
2019-06-11 12:37:55.988978, -3, 22.570114135742188, 22.60690689086914, 22.55171775817871, 22.20586395263672, 22.0366153717041, 22.474451065063477, 22.40086555480957, 22.713605880737305
2019-06-11 12:38:06.007217, -3, 22.57705307006836, 22.643280029296875, 22.56969451904297, 22.209123611450195, 22.113460540771484, 22.474031448364258, 22.39308738708496, 22.713186264038086
2019-06-11 12:38:15.974101, -3, 22.642993927001953, 22.66139030456543, 22.639314651489258, 22.230913162231445, 22.164684295654297, 22.47006607055664, 22.451671600341797, 22.712902069091797
2019-06-11 12:38:25.986132, -3, 22.650047302246094, 22.653724670410156, 22.701557159423828, 22.26740074157715, 22.142303466796875, 22.480798721313477, 22.484477996826172, 22.71627426147461
2019-06-11 12:38:35.995697, -3, 22.650047302246094, 22.66108512878418, 22.686840057373047, 22.27475929260254, 22.046642303466797, 22.484477996826172, 22.46976089477539, 22.71627426147461
2019-06-11 12:38:45.961991, -3, 22.602083206176758, 22.62415885925293, 22.594724655151367, 22.278305053710938, 21.9692440032959, 22.50642204284668, 22.407079696655273, 22.71246337890625
2019-06-11 12:38:55.968589, -3, 22.58749771118164, 22.657405853271484, 22.5654239654541, 22.300512313842773, 22.109189987182617, 22.50287628173828, 22.480798721313477, 22.719953536987305
2019-06-11 12:39:05.934521, -3, 22.598535537719727, 22.672122955322266, 22.547027587890625, 22.29683494567871, 22.101831436157227, 22.543346405029297, 22.47711944580078, 22.71627426147461
2019-06-11 12:39:15.902183, -3, 22.57291603088379, 22.646501541137695, 22.49197006225586, 22.296968460083008, 22.028379440307617, 22.569236755371094, 22.38895034790039, 22.70536994934082
2019-06-11 12:39:25.893342, -3, 22.59529685974121, 22.59529685974121, 22.525388717651367, 22.286235809326172, 22.04340171813965, 22.55482292175293, 22.43708610534668, 22.71303367614746
2019-06-11 12:39:35.859780, -3, 22.62871551513672, 22.63607406616211, 22.562488555908203, 22.3049373626709, 22.087858200073242, 22.53305435180664, 22.492582321166992, 22.70966148376465
2019-06-11 12:39:45.877300, -3, 22.58115005493164, 22.651058197021484, 22.51860237121582, 22.305204391479492, 22.095483779907227, 22.481809616088867, 22.52228355407715, 22.70992660522461
2019-06-11 12:39:55.883978, -3, 22.574098587036133, 22.677120208740234, 22.5225887298584, 22.316547393798828, 22.110506057739258, 22.493154525756836, 22.540985107421875, 22.69551658630371
2019-06-11 12:40:05.898554, -3, 22.600139617919922, 22.662689208984375, 22.5375919342041, 22.327871322631836, 22.504478454589844, 22.515514373779297, 22.482402801513672, 22.717876434326172
2019-06-11 12:40:15.913687, -3, 22.608108520507812, 22.622825622558594, 22.582353591918945, 22.31744384765625, 22.177631378173828, 22.512447357177734, 22.486690521240234, 22.71112823486328
2019-06-11 12:40:25.878854, -3, 22.626943588256836, 22.61590576171875, 22.571754455566406, 22.288448333740234, 22.064010620117188, 22.505525588989258, 22.420902252197266, 22.711566925048828
2019-06-11 12:40:35.891432, -3, 22.634740829467773, 22.601627349853516, 22.57587242126465, 22.274169921875, 21.99822235107422, 22.48021125793457, 22.380870819091797, 22.708328247070312
2019-06-11 12:40:45.909675, -3, 22.664613723754883, 22.638858795166016, 22.594707489013672, 22.293004989624023, 22.120079040527344, 22.499046325683594, 22.46225357055664, 22.712444305419922
2019-06-11 12:40:55.876624, -3, 22.701826095581055, 22.683429718017578, 22.63559913635254, 22.3265380859375, 22.21615982055664, 22.562013626098633, 22.565690994262695, 22.723901748657227
2019-06-11 12:41:05.843134, -3, 22.77219009399414, 22.713321685791016, 22.713321685791016, 22.352750778198242, 22.319637298583984, 22.59926414489746, 22.65445327758789, 22.71700096130371
2019-06-11 12:41:15.920401, -3, 22.776308059692383, 22.74687385559082, 22.710081100463867, 22.37526512145996, 22.261205673217773, 22.592344284057617, 22.64385414123535, 22.710081100463867
2019-06-11 12:41:25.888169, -3, 22.802616119384766, 22.76950454711914, 22.740068435668945, 22.386856079101562, 22.29487419128418, 22.62601089477539, 22.66648292541504, 22.706954956054688
2019-06-11 12:41:35.857221, -3, 22.825170516967773, 22.792057037353516, 22.784698486328125, 22.398372650146484, 22.313749313354492, 22.659603118896484, 22.692716598510742, 22.714792251586914
2019-06-11 12:41:45.821044, -3, 22.818403244018555, 22.800006866455078, 22.777929306030273, 22.398963928222656, 22.31801986694336, 22.6785888671875, 22.68594741821289, 22.696985244750977
2019-06-11 12:41:55.787919, -3, 22.815448760986328, 22.763938903808594, 22.77497673034668, 22.414405822753906, 22.234119415283203, 22.70507049560547, 22.635162353515625, 22.71242904663086
2019-06-11 12:42:05.753355, -3, 22.72787094116211, 22.78306007385254, 22.753623962402344, 22.367298126220703, 22.058238983154297, 22.698434829711914, 22.429847717285156, 22.72051239013672
2019-06-11 12:42:15.722420, -3, 22.56287384033203, 22.798349380493164, 22.654855728149414, 22.290605545043945, 21.793899536132812, 22.68429183959961, 22.198623657226562, 22.713726043701172
2019-06-11 12:42:25.689980, -3, 22.460159301757812, 22.80233383178711, 22.559499740600586, 22.243080139160156, 21.768451690673828, 22.49327278137207, 22.17685317993164, 22.732425689697266
2019-06-11 12:42:35.656605, -3, 22.383312225341797, 22.791715621948242, 22.471616744995117, 22.1993465423584, 21.73943519592285, 22.504728317260742, 22.129440307617188, 22.70709228515625
2019-06-11 12:42:45.632746, -3, 22.361408233642578, 22.75509262084961, 22.409238815307617, 22.144329071044922, 21.706491470336914, 22.44603157043457, 22.092819213867188, 22.703582763671875
2019-06-11 12:42:55.597206, -3, 22.394519805908203, 22.76980972290039, 22.35772705078125, 22.085460662841797, 21.912532806396484, 22.339330673217773, 22.118574142456055, 22.696224212646484
2019-06-11 12:43:05.560878, -3, 22.3796329498291, 22.72916603088379, 22.346519470214844, 22.05585479736328, 21.798303604125977, 22.298686981201172, 22.129440307617188, 22.692373275756836
2019-06-11 12:43:15.526815, -3, 22.408952713012695, 22.72169303894043, 22.346405029296875, 22.0667781829834, 21.857059478759766, 22.339046478271484, 22.155080795288086, 22.703296661376953
2019-06-11 12:43:25.490712, -3, 22.419837951660156, 22.736257553100586, 22.375686645507812, 22.088701248168945, 21.860584259033203, 22.342573165893555, 22.18804168701172, 22.71786117553711
2019-06-11 12:43:35.459049, -3, 22.393932342529297, 22.699312210083008, 22.375534057617188, 22.103267669677734, 21.911941528320312, 22.375534057617188, 22.213645935058594, 22.7066707611084
2019-06-11 12:43:45.425086, -3, 22.41570281982422, 22.691648483276367, 22.378910064697266, 22.110319137573242, 22.139755249023438, 22.31268310546875, 22.213340759277344, 22.702688217163086
2019-06-11 12:43:55.394628, -3, 22.52949333190918, 22.706098556518555, 22.48166275024414, 22.150524139404297, 21.9923152923584, 22.352886199951172, 22.29033660888672, 22.713457107543945
2019-06-11 12:44:05.359992, -3, 22.54390525817871, 22.691078186035156, 22.525508880615234, 22.175975799560547, 21.988330841064453, 22.396732330322266, 22.334184646606445, 22.72051239013672
2019-06-11 12:44:15.324547, -3, 22.539939880371094, 22.67975425720215, 22.525222778320312, 22.201444625854492, 22.13153839111328, 22.41852378845215, 22.352296829223633, 22.70918846130371
2019-06-11 12:44:25.288444, -3, 22.554370880126953, 22.6757869720459, 22.547012329101562, 22.197477340698242, 22.039268493652344, 22.44399070739746, 22.348329544067383, 22.694183349609375
2019-06-11 12:44:35.303194, -3, 22.56508445739746, 22.66810417175293, 22.568763732910156, 22.222909927368164, 22.208192825317383, 22.406875610351562, 22.41791343688965, 22.697540283203125
2019-06-11 12:44:45.274779, -3, 22.653121948242188, 22.620006561279297, 22.678876876831055, 22.270475387573242, 22.215286254882812, 22.465476989746094, 22.46915626525879, 22.715669631958008
2019-06-11 12:44:55.297066, -3, 22.667551040649414, 22.649154663085938, 22.674909591674805, 22.288583755493164, 22.189241409301758, 22.48358726501465, 22.509342193603516, 22.704343795776367
2019-06-11 12:45:05.264162, -3, 22.634286880493164, 22.70051383972168, 22.671079635620117, 22.321544647216797, 22.144939422607422, 22.483434677124023, 22.5018310546875, 22.70787239074707
2019-06-11 12:45:15.280635, -3, 22.612211227416992, 22.696834564208984, 22.56805992126465, 22.328903198242188, 22.063995361328125, 22.483434677124023, 22.406169891357422, 22.70051383972168
2019-06-11 12:45:25.297058, -3, 22.60835838317871, 22.65618896484375, 22.527414321899414, 22.33241081237793, 22.045427322387695, 22.505338668823242, 22.42807388305664, 22.711380004882812
2019-06-11 12:45:35.263484, -3, 22.579097747802734, 22.649003982543945, 22.520227432250977, 22.332584381103516, 21.979372024536133, 22.534944534301758, 22.362018585205078, 22.711551666259766
2019-06-11 12:45:45.282540, -3, 22.56085205078125, 22.63075828552246, 22.49830436706543, 22.3400936126709, 21.92801284790039, 22.5203800201416, 22.43207550048828, 22.708024978637695
2019-06-11 12:45:55.294753, -3, 22.586894989013672, 22.63472557067871, 22.52434539794922, 22.329341888427734, 22.02764129638672, 22.55377960205078, 22.42132568359375, 22.7230281829834
2019-06-11 12:46:05.315082, -3, 22.601877212524414, 22.642351150512695, 22.520933151245117, 22.318571090698242, 22.21923065185547, 22.568763732910156, 22.41791343688965, 22.719615936279297
2019-06-11 12:46:15.332324, -3, 22.668561935424805, 22.694318771362305, 22.558183670043945, 22.326387405395508, 22.311670303344727, 22.536108016967773, 22.466201782226562, 22.71271514892578
2019-06-11 12:46:25.299073, -3, 22.676361083984375, 22.683719635009766, 22.617490768432617, 22.319469451904297, 22.161258697509766, 22.485036849975586, 22.46664047241211, 22.713153839111328
2019-06-11 12:46:35.314550, -3, 22.662080764770508, 22.720951080322266, 22.63632583618164, 22.338302612304688, 22.025562286376953, 22.489154815673828, 22.45604133605957, 22.702552795410156
2019-06-11 12:46:45.337016, -3, 22.65531349182129, 22.728899002075195, 22.640594482421875, 22.342573165893555, 22.09238052368164, 22.497102737426758, 22.445592880249023, 22.703144073486328
2019-06-11 12:46:55.305365, -3, 22.655750274658203, 22.740375518798828, 22.607921600341797, 22.354049682617188, 22.10753631591797, 22.512258529663086, 22.434993743896484, 22.710941314697266
2019-06-11 12:47:05.320736, -3, 22.623382568359375, 22.693288803100586, 22.593948364257812, 22.336397171020508, 22.05677032470703, 22.553476333618164, 22.3437557220459, 22.71536636352539
2019-06-11 12:47:15.287772, -3, 22.627614974975586, 22.649690628051758, 22.60186004638672, 22.333271026611328, 22.04628562927246, 22.572425842285156, 22.373743057250977, 22.708559036254883
2019-06-11 12:47:25.298198, -3, 22.65411376953125, 22.66147232055664, 22.62835693359375, 22.337692260742188, 22.102218627929688, 22.587886810302734, 22.437034606933594, 22.705623626708984
2019-06-11 12:47:35.313529, -3, 22.691633224487305, 22.676916122436523, 22.63276481628418, 22.349458694458008, 22.147098541259766, 22.595972061157227, 22.518707275390625, 22.713708877563477
2019-06-11 12:47:45.280872, -3, 22.673959732055664, 22.67763900756836, 22.585655212402344, 22.36121940612793, 22.05951690673828, 22.578298568725586, 22.49735450744629, 22.707073211669922
2019-06-11 12:47:55.300148, -3, 22.693424224853516, 22.708141326904297, 22.623517990112305, 22.38068389892578, 22.123132705688477, 22.56464958190918, 22.557289123535156, 22.711820602416992
2019-06-11 12:48:05.267252, -3, 22.701507568359375, 22.734622955322266, 22.69046974182129, 22.388769149780273, 22.046592712402344, 22.543298721313477, 22.535940170288086, 22.712547302246094
2019-06-11 12:48:15.282280, -3, 22.72446060180664, 22.783329010009766, 22.72446060180664, 22.411720275878906, 22.076904296875, 22.588327407836914, 22.5221004486084, 22.720781326293945
2019-06-11 12:48:25.302324, -3, 22.721660614013672, 22.721660614013672, 22.703264236450195, 22.394201278686523, 22.011554718017578, 22.545053482055664, 22.522977828979492, 22.703264236450195
2019-06-11 12:48:35.267459, -3, 22.678386688232422, 22.72621726989746, 22.667346954345703, 22.39508056640625, 21.931488037109375, 22.5128173828125, 22.487064361572266, 22.700462341308594
2019-06-11 12:48:45.287397, -3, 22.649980545043945, 22.760358810424805, 22.675735473632812, 22.41082763671875, 21.961952209472656, 22.532243728637695, 22.48809051513672, 22.708850860595703
2019-06-11 12:48:55.305018, -3, 22.64733123779297, 22.75035285949707, 22.691482543945312, 22.404497146606445, 21.996095657348633, 22.58478355407715, 22.444971084594727, 22.713560104370117
2019-06-11 12:49:05.330810, -3, 22.66305923461914, 22.714569091796875, 22.714569091796875, 22.36871337890625, 22.059654235839844, 22.585792541503906, 22.416545867919922, 22.707210540771484
2019-06-11 12:49:15.349289, -3, 22.627315521240234, 22.70090103149414, 22.660429000854492, 22.358726501464844, 22.086458206176758, 22.608917236328125, 22.454387664794922, 22.70090103149414
2019-06-11 12:49:25.320460, -3, 22.653947830200195, 22.69441795349121, 22.598758697509766, 22.352245330810547, 22.124126434326172, 22.591398239135742, 22.484699249267578, 22.69441795349121
2019-06-11 12:49:35.339820, -3, 22.669694900512695, 22.688091278076172, 22.65497589111328, 22.34959602355957, 22.121479034423828, 22.60346794128418, 22.478370666503906, 22.70648765563965
2019-06-11 12:49:45.363937, -3, 22.652137756347656, 22.71468734741211, 22.644779205322266, 22.313642501831055, 22.034015655517578, 22.596948623657227, 22.427701950073242, 22.70364761352539
2019-06-11 12:49:55.334253, -3, 22.62361717224121, 22.741355895996094, 22.586824417114258, 22.321916580200195, 21.97606086730957, 22.531635284423828, 22.3955020904541, 22.70456314086914
2019-06-11 12:50:05.350745, -3, 22.524829864501953, 22.697757720947266, 22.53586769104004, 22.285676956176758, 21.906707763671875, 22.510112762451172, 22.293033599853516, 22.70143699645996
2019-06-11 12:50:15.316782, -3, 22.455402374267578, 22.71295166015625, 22.506912231445312, 22.249361038208008, 21.874073028564453, 22.521629333496094, 22.1757755279541, 22.694555282592773
2019-06-11 12:50:25.280960, -3, 22.371177673339844, 22.70599365234375, 22.441085815429688, 22.176176071166992, 21.719942092895508, 22.411651611328125, 22.05843734741211, 22.694957733154297
2019-06-11 12:50:35.299225, -3, 22.34174346923828, 22.69127655029297, 22.385894775390625, 22.13202476501465, 21.742019653320312, 22.260799407958984, 22.069477081298828, 22.694957733154297
2019-06-11 12:50:45.311875, -3, 22.31230926513672, 22.680238723754883, 22.34174346923828, 22.095232009887695, 21.753055572509766, 22.360139846801758, 22.054758071899414, 22.694957733154297
2019-06-11 12:50:55.329813, -3, 22.301136016845703, 22.562366485595703, 22.341609954833984, 22.095096588134766, 21.71980857849121, 22.433591842651367, 22.073020935058594, 22.702180862426758
2019-06-11 12:51:05.295723, -3, 22.337665557861328, 22.543704986572266, 22.356060028076172, 22.116905212402344, 21.844636917114258, 22.385494232177734, 22.161056518554688, 22.687196731567383
2019-06-11 12:51:15.312423, -3, 22.35941505432129, 22.59857177734375, 22.388851165771484, 22.123939514160156, 21.833276748657227, 22.267433166503906, 22.13865852355957, 22.690553665161133
2019-06-11 12:51:25.330983, -3, 22.384902954101562, 22.62405776977539, 22.41065788269043, 22.131031036376953, 21.858762741088867, 22.263486862182617, 22.153108596801758, 22.693965911865234
2019-06-11 12:51:35.298894, -3, 22.399335861206055, 22.64584732055664, 22.406692504882812, 22.108671188354492, 22.01300811767578, 22.318391799926758, 22.208011627197266, 22.701038360595703
2019-06-11 12:51:45.314552, -3, 22.428312301635742, 22.65642738342285, 22.472463607788086, 22.13764762878418, 21.95368194580078, 22.35104751586914, 22.233308792114258, 22.70793914794922
2019-06-11 12:51:55.328068, -3, 22.47938346862793, 22.67070770263672, 22.516176223754883, 22.17032241821289, 22.254945755004883, 22.394758224487305, 22.288061141967773, 22.711177825927734
2019-06-11 12:52:05.323938, -3, 22.526639938354492, 22.659095764160156, 22.530319213867188, 22.177106857299805, 22.099842071533203, 22.408903121948242, 22.320600509643555, 22.7032470703125
2019-06-11 12:52:15.339176, -3, 22.518842697143555, 22.666015625, 22.496767044067383, 22.195064544677734, 22.03317642211914, 22.41214370727539, 22.327518463134766, 22.702808380126953
2019-06-11 12:52:25.306121, -3, 22.47055435180664, 22.558856964111328, 22.426403045654297, 22.198286056518555, 22.003284454345703, 22.404327392578125, 22.271873474121094, 22.691312789916992
2019-06-11 12:52:35.325322, -3, 22.47760772705078, 22.595346450805664, 22.437137603759766, 22.179584503173828, 21.933073043823242, 22.400344848632812, 22.227415084838867, 22.705724716186523
2019-06-11 12:52:45.337873, -3, 22.492191314697266, 22.510587692260742, 22.49587059020996, 22.19049072265625, 21.925579071044922, 22.42596435546875, 22.24199867248535, 22.70191192626953
2019-06-11 12:52:55.302388, -3, 22.517812728881836, 22.484699249267578, 22.484699249267578, 22.227148056030273, 21.965917587280273, 22.44422721862793, 22.26026153564453, 22.716495513916016
2019-06-11 12:53:05.323756, -3, 22.536209106445312, 22.503095626831055, 22.45158576965332, 22.234508514404297, 21.96959686279297, 22.418472290039062, 22.29337501525879, 22.69809913635254
2019-06-11 12:53:15.290628, -3, 22.51413345336914, 22.543567657470703, 22.484699249267578, 22.223468780517578, 21.807706832885742, 22.425830841064453, 22.227148056030273, 22.69809913635254
2019-06-11 12:53:25.318301, -3, 22.51413345336914, 22.558284759521484, 22.52149200439453, 22.25290298461914, 21.888652801513672, 22.396394729614258, 22.26026153564453, 22.69809913635254
2019-06-11 12:53:35.341355, -3, 22.561965942382812, 22.543567657470703, 22.573001861572266, 22.289697647094727, 21.991674423217773, 22.411113739013672, 22.344886779785156, 22.709136962890625
2019-06-11 12:53:45.361819, -3, 22.517812728881836, 22.569324493408203, 22.602436065673828, 22.297054290771484, 21.80402946472168, 22.42951011657715, 22.2860164642334, 22.701778411865234
2019-06-11 12:53:55.381864, -3, 22.437002182006836, 22.632003784179688, 22.60624885559082, 22.3082275390625, 21.815200805664062, 22.41860580444336, 22.19049072265625, 22.70191192626953
2019-06-11 12:54:05.345993, -3, 22.451852798461914, 22.650535583496094, 22.624780654907227, 22.308361053466797, 21.852127075195312, 22.426097869873047, 22.223735809326172, 22.705724716186523
2019-06-11 12:54:15.344871, -3, 22.484966278076172, 22.672611236572266, 22.60638427734375, 22.308361053466797, 21.819013595581055, 22.396663665771484, 22.301002502441406, 22.705724716186523
2019-06-11 12:54:25.377521, -3, 22.536781311035156, 22.698671340942383, 22.62140655517578, 22.312345504760742, 21.984888076782227, 22.40800666809082, 22.40064811706543, 22.702350616455078
2019-06-11 12:54:35.345088, -3, 22.59197235107422, 22.702350616455078, 22.617727279663086, 22.33074188232422, 22.051115036010742, 22.40800666809082, 22.466875076293945, 22.713388442993164
2019-06-11 12:54:45.361396, -3, 22.610673904418945, 22.713693618774414, 22.618032455444336, 22.34576416015625, 21.999910354614258, 22.456144332885742, 22.47821807861328, 22.713693618774414
2019-06-11 12:54:55.379517, -3, 22.651412963867188, 22.66613006591797, 22.66613006591797, 22.360748291015625, 22.09583854675293, 22.452730178833008, 22.49688148498535, 22.706602096557617
2019-06-11 12:55:05.404732, -3, 22.58564567565918, 22.648193359375, 22.626115798950195, 22.350170135498047, 21.87186050415039, 22.431114196777344, 22.383281707763672, 22.68866539001465
2019-06-11 12:55:15.425158, -3, 22.5824031829834, 22.711177825927734, 22.626554489135742, 22.365324020385742, 21.905412673950195, 22.490421295166016, 22.339569091796875, 22.711177825927734
2019-06-11 12:55:25.391707, -3, 22.56444549560547, 22.73001480102539, 22.612276077270508, 22.373123168945312, 21.950002670288086, 22.46142578125, 22.373123168945312, 22.696901321411133
2019-06-11 12:55:35.407494, -3, 22.594470977783203, 22.745323181152344, 22.616546630859375, 22.388429641723633, 22.00946044921875, 22.498807907104492, 22.45465850830078, 22.704849243164062
2019-06-11 12:55:45.429162, -3, 22.561779022216797, 22.753101348876953, 22.591211318969727, 22.385169982910156, 21.833276748657227, 22.50290870666504, 22.433002471923828, 22.694232940673828
2019-06-11 12:55:55.446573, -3, 22.49259376525879, 22.757505416870117, 22.62137222290039, 22.393253326416016, 21.87079429626465, 22.54778480529785, 22.46316146850586, 22.69863510131836
2019-06-11 12:56:05.464862, -3, 22.52630043029785, 22.769134521484375, 22.640357971191406, 22.390167236328125, 21.99648094177246, 22.5667724609375, 22.4085636138916, 22.699228286743164
2019-06-11 12:56:15.432365, -3, 22.574739456176758, 22.75502586364746, 22.67040252685547, 22.37605857849121, 21.8609561920166, 22.541627883911133, 22.379737854003906, 22.696157455444336
2019-06-11 12:56:25.468835, -3, 22.597408294677734, 22.7041072845459, 22.637880325317383, 22.350894927978516, 22.012399673461914, 22.553255081176758, 22.42816162109375, 22.7041072845459
2019-06-11 12:56:35.475191, -3, 22.609169006347656, 22.675397872924805, 22.649641036987305, 22.347938537597656, 22.02048110961914, 22.565017700195312, 22.4178466796875, 22.701152801513672
2019-06-11 12:56:45.439463, -3, 22.635669708251953, 22.71661376953125, 22.66142463684082, 22.348684310913086, 21.95867919921875, 22.576801300048828, 22.414913177490234, 22.698217391967773
2019-06-11 12:56:55.468495, -3, 22.610641479492188, 22.746774673461914, 22.651111602783203, 22.36044692993164, 21.882139205932617, 22.577526092529297, 22.397241592407227, 22.698944091796875
2019-06-11 12:57:05.435852, -3, 22.61138343811035, 22.773273468017578, 22.640817642211914, 22.37590789794922, 22.01901626586914, 22.471569061279297, 22.478927612304688, 22.69968605041504
2019-06-11 12:57:15.402050, -3, 22.66729736328125, 22.781354904174805, 22.67465591430664, 22.39870834350586, 22.119081497192383, 22.47965431213379, 22.545879364013672, 22.711448669433594
2019-06-11 12:57:25.419343, -3, 22.660682678222656, 22.74530792236328, 22.697477340698242, 22.3663387298584, 22.020484924316406, 22.45096206665039, 22.51719093322754, 22.697477340698242
2019-06-11 12:57:35.439825, -3, 22.661407470703125, 22.6798038482666, 22.676124572753906, 22.35602569580078, 22.002811431884766, 22.433290481567383, 22.414894104003906, 22.698200225830078
2019-06-11 12:57:45.454811, -3, 22.640056610107422, 22.66581153869629, 22.61062240600586, 22.30156135559082, 21.871082305908203, 22.441375732421875, 22.30156135559082, 22.691566467285156
2019-06-11 12:57:55.478070, -3, 22.585609436035156, 22.622404098510742, 22.526742935180664, 22.272871017456055, 21.860788345336914, 22.412683486938477, 22.225038528442383, 22.70334815979004
2019-06-11 12:58:05.493459, -3, 22.538658142089844, 22.58648681640625, 22.472431182861328, 22.21855926513672, 21.883743286132812, 22.369409561157227, 22.203840255737305, 22.68950843811035
2019-06-11 12:58:15.518739, -3, 22.50994873046875, 22.46211814880371, 22.410606384277344, 22.189849853515625, 21.840314865112305, 22.410606384277344, 22.175132751464844, 22.693912506103516
2019-06-11 12:58:25.485446, -3, 22.514371871948242, 22.56220245361328, 22.392953872680664, 22.205310821533203, 21.973514556884766, 22.35616111755371, 22.253141403198242, 22.702014923095703
2019-06-11 12:58:35.507654, -3, 22.533357620239258, 22.62902069091797, 22.371469497680664, 22.227977752685547, 21.952030181884766, 22.36779022216797, 22.283166885375977, 22.709964752197266
2019-06-11 12:58:45.534741, -3, 22.552040100097656, 22.647701263427734, 22.390151977539062, 22.239299774169922, 21.930238723754883, 22.3607177734375, 22.327604293823242, 22.710250854492188
2019-06-11 12:58:55.556277, -3, 22.530118942260742, 22.66625213623047, 22.449172973632812, 22.23945426940918, 21.934070587158203, 22.34247398376465, 22.309358596801758, 22.710403442382812
2019-06-11 12:59:05.582489, -3, 22.530231475830078, 22.67740249633789, 22.460323333740234, 22.23588752746582, 21.923147201538086, 22.29107666015625, 22.30579376220703, 22.70315933227539
2019-06-11 12:59:15.549583, -3, 22.515514373779297, 22.670045852661133, 22.460323333740234, 22.22117042541504, 21.91946792602539, 22.313152313232422, 22.2506046295166, 22.695798873901367
2019-06-11 12:59:25.582162, -3, 22.55966567993164, 22.68844223022461, 22.48240089416504, 22.232208251953125, 22.062959671020508, 22.287397384643555, 22.29107666015625, 22.717876434326172
2019-06-11 12:59:35.605487, -3, 22.6404972076416, 22.692007064819336, 22.52275848388672, 22.221057891845703, 22.136432647705078, 22.335115432739258, 22.313039779663086, 22.706724166870117
2019-06-11 12:59:45.572091, -3, 22.63283348083496, 22.68802261352539, 22.48566246032715, 22.220752716064453, 22.077259063720703, 22.3421688079834, 22.34952735900879, 22.710100173950195
2019-06-11 12:59:55.593239, -3, 22.636207580566406, 22.684040069580078, 22.474319458007812, 22.205730438232422, 22.040163040161133, 22.31610870361328, 22.378658294677734, 22.702436447143555
2019-06-11 13:00:05.562471, -3, 22.60650634765625, 22.680091857910156, 22.521883010864258, 22.231218338012695, 22.003101348876953, 22.29744529724121, 22.3857479095459, 22.70952606201172
2019-06-11 13:00:15.530653, -3, 22.57291603088379, 22.668577194213867, 22.53980255126953, 22.26385498046875, 21.980548858642578, 22.3043270111084, 22.370553970336914, 22.709049224853516
2019-06-11 13:00:25.536941, -3, 22.547027587890625, 22.594858169555664, 22.513912200927734, 22.260042190551758, 21.995132446289062, 22.29683494567871, 22.355701446533203, 22.70891571044922
2019-06-11 13:00:35.575995, -3, 22.524532318115234, 22.587080001831055, 22.495098114013672, 22.233867645263672, 21.957918167114258, 22.32217025756836, 22.274337768554688, 22.70113754272461
2019-06-11 13:00:45.540767, -3, 22.513322830200195, 22.5869083404541, 22.46181297302246, 22.226337432861328, 21.840011596679688, 22.373510360717773, 22.23369598388672, 22.697288513183594
2019-06-11 13:00:55.566348, -3, 22.50228500366211, 22.642099380493164, 22.428699493408203, 22.218978881835938, 21.82161521911621, 22.377187728881836, 22.24105453491211, 22.697288513183594
2019-06-11 13:01:05.533746, -3, 22.476530075073242, 22.656814575195312, 22.45445442199707, 22.204261779785156, 21.858407974243164, 22.369831085205078, 22.211620330810547, 22.697288513183594
2019-06-11 13:01:15.502112, -3, 22.505964279174805, 22.594266891479492, 22.491247177124023, 22.211620330810547, 21.976144790649414, 22.443416595458984, 22.24105453491211, 22.712003707885742
2019-06-11 13:01:25.468766, -3, 22.54292869567871, 22.55764389038086, 22.520851135253906, 22.20443344116211, 21.902729034423828, 22.484058380126953, 22.285375595092773, 22.70849609375
2019-06-11 13:01:35.491852, -3, 22.543062210083008, 22.513626098632812, 22.50994873046875, 22.219284057617188, 21.86239242553711, 22.473155975341797, 22.340700149536133, 22.712308883666992
2019-06-11 13:01:45.460111, -3, 22.565290451049805, 22.565290451049805, 22.480667114257812, 22.256229400634766, 21.877262115478516, 22.473308563232422, 22.304059982299805, 22.701425552368164
2019-06-11 13:01:55.427478, -3, 22.609575271606445, 22.635330200195312, 22.57278060913086, 22.300512313842773, 21.94729995727539, 22.440326690673828, 22.3851375579834, 22.7236328125
2019-06-11 13:02:05.457037, -3, 22.60235023498535, 22.65753936767578, 22.624425888061523, 22.330081939697266, 22.035737991333008, 22.418384552001953, 22.403667449951172, 22.716407775878906
2019-06-11 13:02:15.427387, -3, 22.61355972290039, 22.654033660888672, 22.654033660888672, 22.344970703125, 22.01383399963379, 22.38544464111328, 22.396480560302734, 22.720260620117188
2019-06-11 13:02:25.461864, -3, 22.632261276245117, 22.691129684448242, 22.67641258239746, 22.34527587890625, 22.010459899902344, 22.426219940185547, 22.341596603393555, 22.716886520385742
2019-06-11 13:02:35.490990, -3, 22.625017166137695, 22.683883666992188, 22.65077018737793, 22.34539031982422, 22.017932891845703, 22.46312713623047, 22.34906768798828, 22.716999053955078
2019-06-11 13:02:45.458432, -3, 22.643566131591797, 22.709793090820312, 22.661962509155273, 22.35658073425293, 22.069597244262695, 22.45960235595703, 22.389694213867188, 22.724512100219727
2019-06-11 13:02:55.450241, -3, 22.6842098236084, 22.72100257873535, 22.680530548095703, 22.356752395629883, 22.07344627380371, 22.470809936523438, 22.470809936523438, 22.709964752197266
2019-06-11 13:03:05.420199, -3, 22.66242027282715, 22.69185447692871, 22.684494018554688, 22.357036590576172, 22.03693962097168, 22.489492416381836, 22.500530242919922, 22.713930130004883
2019-06-11 13:03:15.386821, -3, 22.662687301635742, 22.659006118774414, 22.68844223022461, 22.375699996948242, 21.945222854614258, 22.486080169677734, 22.50447654724121, 22.714195251464844
2019-06-11 13:03:25.412923, -3, 22.604143142700195, 22.61886215209961, 22.688766479492188, 22.376028060913086, 21.879322052001953, 22.512161254882812, 22.456972122192383, 22.718202590942383
2019-06-11 13:03:35.431165, -3, 22.626638412475586, 22.637676239013672, 22.681827545166016, 22.387483596801758, 22.012195587158203, 22.54201316833496, 22.461069107055664, 22.707582473754883
2019-06-11 13:03:45.453134, -3, 22.682287216186523, 22.678606033325195, 22.722759246826172, 22.37690544128418, 22.078882217407227, 22.465208053588867, 22.49464225769043, 22.730117797851562
2019-06-11 13:03:55.492947, -3, 22.693592071533203, 22.634721755981445, 22.73406219482422, 22.380849838256836, 22.042354583740234, 22.436038970947266, 22.461795806884766, 22.719345092773438
2019-06-11 13:04:05.458312, -3, 22.675518035888672, 22.675518035888672, 22.675518035888672, 22.362777709960938, 22.009565353393555, 22.473155975341797, 22.403249740600586, 22.727027893066406
2019-06-11 13:04:15.481010, -3, 22.605897903442383, 22.705238342285156, 22.550708770751953, 22.32259178161621, 22.024568557739258, 22.495519638061523, 22.392498016357422, 22.705238342285156
2019-06-11 13:04:25.448578, -3, 22.5434627532959, 22.7237491607666, 22.48827362060547, 22.296951293945312, 21.976852416992188, 22.51770782470703, 22.33006477355957, 22.697994232177734
2019-06-11 13:04:35.482963, -3, 22.518033981323242, 22.738792419433594, 22.484920501708984, 22.27519989013672, 22.0286865234375, 22.481239318847656, 22.2899169921875, 22.705677032470703
2019-06-11 13:04:45.507635, -3, 22.50331687927246, 22.731433868408203, 22.477561950683594, 22.27519989013672, 21.97349739074707, 22.45548439025879, 22.286237716674805, 22.7093563079834
2019-06-11 13:04:55.472979, -3, 22.451807022094727, 22.7093563079834, 22.466524124145508, 22.24944496154785, 21.91094970703125, 22.44812774658203, 22.260482788085938, 22.705677032470703
2019-06-11 13:05:05.503754, -3, 22.481239318847656, 22.7093563079834, 22.50331687927246, 22.27519989013672, 21.97349739074707, 22.43341064453125, 22.293598175048828, 22.720396041870117
2019-06-11 13:05:15.472167, -3, 22.4847469329834, 22.687108993530273, 22.517860412597656, 22.275028228759766, 21.929174423217773, 22.38908576965332, 22.31182098388672, 22.72022247314453
2019-06-11 13:05:25.496957, -3, 22.52127456665039, 22.6721248626709, 22.502878189086914, 22.256364822387695, 21.98409652709961, 22.45136833190918, 22.381460189819336, 22.716276168823242
2019-06-11 13:05:35.520782, -3, 22.55042266845703, 22.631366729736328, 22.51730728149414, 22.252399444580078, 22.002206802368164, 22.3922119140625, 22.403249740600586, 22.71599006652832
2019-06-11 13:05:45.490517, -3, 22.557456970214844, 22.608966827392578, 22.524343490600586, 22.241037368774414, 21.972448348999023, 22.35509490966797, 22.373491287231445, 22.70830726623535
2019-06-11 13:05:55.502013, -3, 22.594135284423828, 22.641965866088867, 22.55366325378418, 22.270357131958008, 22.03856086730957, 22.406490325927734, 22.41752815246582, 22.715551376342773
2019-06-11 13:06:05.480118, -3, 22.608545303344727, 22.641660690307617, 22.571752548217773, 22.27372932434082, 22.075048446655273, 22.420902252197266, 22.446657180786133, 22.71892547607422
2019-06-11 13:06:15.445885, -3, 22.63412857055664, 22.648847579956055, 22.586299896240234, 22.28827667236328, 22.196292877197266, 22.38393783569336, 22.464881896972656, 22.71507453918457
2019-06-11 13:06:25.470133, -3, 22.65593910217285, 22.674335479736328, 22.59339141845703, 22.284330368041992, 22.166593551635742, 22.431501388549805, 22.442541122436523, 22.71480941772461
2019-06-11 13:06:35.436898, -3, 22.611635208129883, 22.659465789794922, 22.541728973388672, 22.291536331176758, 22.12964630126953, 22.490217208862305, 22.45710563659668, 22.71465492248535
2019-06-11 13:06:45.476049, -3, 22.574710845947266, 22.61150360107422, 22.49744415283203, 22.30244255065918, 22.04121208190918, 22.515840530395508, 22.445934295654297, 22.710844039916992
2019-06-11 13:06:55.498686, -3, 22.578388214111328, 22.61150360107422, 22.479047775268555, 22.30244255065918, 22.03753089904785, 22.501123428344727, 22.368669509887695, 22.721881866455078
2019-06-11 13:07:05.465917, -3, 22.58189582824707, 22.59661293029785, 22.486234664916992, 22.291231155395508, 22.059436798095703, 22.493593215942383, 22.33538246154785, 22.725387573242188
2019-06-11 13:07:15.505669, -3, 22.578216552734375, 22.58189582824707, 22.50463104248047, 22.283872604370117, 22.081510543823242, 22.500951766967773, 22.38321304321289, 22.714351654052734
2019-06-11 13:07:25.472419, -3, 22.571029663085938, 22.600465774536133, 22.501123428344727, 22.265649795532227, 22.052249908447266, 22.486406326293945, 22.342914581298828, 22.699806213378906
2019-06-11 13:07:35.507898, -3, 22.61886215209961, 22.629899978637695, 22.567350387573242, 22.258289337158203, 22.04857063293457, 22.460651397705078, 22.394424438476562, 22.72924041748047
2019-06-11 13:07:45.533844, -3, 22.607955932617188, 22.604276657104492, 22.56380271911621, 22.280498504638672, 21.9971923828125, 22.490217208862305, 22.372480392456055, 22.725692749023438
2019-06-11 13:07:55.502231, -3, 22.608108520507812, 22.57867431640625, 22.545560836791992, 22.265933990478516, 22.04885482788086, 22.50140953063965, 22.339519500732422, 22.71480941772461
2019-06-11 13:08:05.539660, -3, 22.626638412475586, 22.586164474487305, 22.567768096923828, 22.269744873046875, 22.14097023010254, 22.523616790771484, 22.350688934326172, 22.714941024780273
2019-06-11 13:08:15.507589, -3, 22.663564682006836, 22.593658447265625, 22.608375549316406, 22.26620101928711, 22.111669540405273, 22.49431610107422, 22.420730590820312, 22.718753814697266
2019-06-11 13:08:25.548238, -3, 22.667570114135742, 22.54983139038086, 22.616058349609375, 22.28124237060547, 22.049448013305664, 22.443132400512695, 22.417377471923828, 22.726436614990234
2019-06-11 13:08:35.555376, -3, 22.667720794677734, 22.572059631347656, 22.66404151916504, 22.29979133605957, 22.03856086730957, 22.45064353942871, 22.40281105041504, 22.722911834716797
2019-06-11 13:08:45.592177, -3, 22.64958953857422, 22.576004028320312, 22.67902374267578, 22.31845474243164, 22.013072967529297, 22.465625762939453, 22.377323150634766, 22.715818405151367
2019-06-11 13:08:55.617966, -3, 22.657121658325195, 22.576175689697266, 22.69391441345215, 22.32966423034668, 22.046358108520508, 22.48787498474121, 22.458438873291016, 22.712310791015625
2019-06-11 13:09:05.654225, -3, 22.64253807067871, 22.62046241760254, 22.701406478881836, 22.337156295776367, 21.98762321472168, 22.521121978759766, 22.410741806030273, 22.71612548828125
2019-06-11 13:09:15.682407, -3, 22.587615966796875, 22.602333068847656, 22.690635681152344, 22.33742332458496, 21.95845603942871, 22.491954803466797, 22.396291732788086, 22.720069885253906
2019-06-11 13:09:25.709451, -3, 22.613523483276367, 22.620880126953125, 22.676071166992188, 22.348613739013672, 22.0653076171875, 22.4847469329834, 22.46267318725586, 22.716543197631836
2019-06-11 13:09:35.675544, -3, 22.66888427734375, 22.639450073242188, 22.683603286743164, 22.34510612487793, 22.03604507446289, 22.49595832824707, 22.44812774658203, 22.705677032470703
2019-06-11 13:09:45.709750, -3, 22.643281936645508, 22.628564834594727, 22.654319763183594, 22.32318115234375, 21.95893096923828, 22.488750457763672, 22.393089294433594, 22.71318817138672
2019-06-11 13:09:55.737768, -3, 22.67666244506836, 22.68402099609375, 22.603076934814453, 22.31977081298828, 22.13948631286621, 22.500057220458984, 22.496376037597656, 22.70977783203125
2019-06-11 13:10:05.708276, -3, 22.67313575744629, 22.695213317871094, 22.61058807373047, 22.319923400878906, 22.161714553833008, 22.54804039001465, 22.540681838989258, 22.71360969543457
2019-06-11 13:10:15.734864, -3, 22.724950790405273, 22.695518493652344, 22.644006729125977, 22.342304229736328, 22.235605239868164, 22.57042121887207, 22.607213973999023, 22.717592239379883
2019-06-11 13:10:25.701520, -3, 22.750858306884766, 22.710386276245117, 22.714065551757812, 22.371891021728516, 22.257831573486328, 22.566892623901367, 22.622081756591797, 22.721424102783203
2019-06-11 13:10:35.704698, -3, 22.762163162231445, 22.721691131591797, 22.729049682617188, 22.39423370361328, 22.24706268310547, 22.556123733520508, 22.607633590698242, 22.725370407104492
2019-06-11 13:10:45.668874, -3, 22.744091033935547, 22.729373931884766, 22.67786407470703, 22.390878677368164, 22.21059226989746, 22.549089431762695, 22.574844360351562, 22.71097755432129
2019-06-11 13:10:55.631961, -3, 22.725963592529297, 22.656055450439453, 22.65973663330078, 22.376428604125977, 22.10784149169922, 22.567752838134766, 22.5419979095459, 22.711244583129883
2019-06-11 13:11:05.596226, -3, 22.704191207885742, 22.619565963745117, 22.623245239257812, 22.38041114807129, 22.11918067932129, 22.575414657592773, 22.52390480041504, 22.72626495361328
2019-06-11 13:11:15.562762, -3, 22.664138793945312, 22.612628936767578, 22.520647048950195, 22.35875701904297, 22.19318962097168, 22.528005599975586, 22.513286590576172, 22.715648651123047
2019-06-11 13:11:25.529866, -3, 22.668142318725586, 22.638708114624023, 22.535686492919922, 22.348041534423828, 22.138322830200195, 22.543045043945312, 22.491535186767578, 22.70493507385254
2019-06-11 13:11:35.495744, -3, 22.64267349243164, 22.679466247558594, 22.55805015563965, 22.344650268554688, 22.087099075317383, 22.47710418701172, 22.469745635986328, 22.70522117614746
2019-06-11 13:11:45.535730, -3, 22.63926124572754, 22.690771102905273, 22.587749481201172, 22.366992950439453, 22.094724655151367, 22.477371215820312, 22.458974838256836, 22.712846755981445
2019-06-11 13:11:55.553030, -3, 22.632226943969727, 22.680057525634766, 22.61383056640625, 22.36731719970703, 22.07297134399414, 22.496091842651367, 22.459299087524414, 22.720529556274414
2019-06-11 13:12:05.520202, -3, 22.64353370666504, 22.647212982177734, 22.65089225769043, 22.367584228515625, 22.110034942626953, 22.45220947265625, 22.485322952270508, 22.72079849243164
2019-06-11 13:12:15.544297, -3, 22.673120498657227, 22.64368438720703, 22.673120498657227, 22.371416091918945, 22.102828979492188, 22.441322326660156, 22.507551193237305, 22.717269897460938
2019-06-11 13:12:25.575839, -3, 22.662212371826172, 22.643815994262695, 22.699005126953125, 22.356830596923828, 22.084562301635742, 22.44513511657715, 22.463531494140625, 22.71372413635254
2019-06-11 13:12:35.541546, -3, 22.65117645263672, 22.640138626098633, 22.702686309814453, 22.356830596923828, 22.132394790649414, 22.448814392089844, 22.485607147216797, 22.71372413635254
2019-06-11 13:12:45.580520, -3, 22.66974449157715, 22.651348114013672, 22.73965072631836, 22.349645614624023, 22.20247459411621, 22.43794822692871, 22.47106170654297, 22.713895797729492
2019-06-11 13:12:55.547360, -3, 22.673688888549805, 22.684728622436523, 22.725200653076172, 22.368309020996094, 22.16594696044922, 22.475008010864258, 22.486045837402344, 22.71048355102539
2019-06-11 13:13:05.572812, -3, 22.673845291137695, 22.688562393188477, 22.65912628173828, 22.375822067260742, 22.16242218017578, 22.51195526123047, 22.515636444091797, 22.721675872802734
2019-06-11 13:13:15.599223, -3, 22.677846908569336, 22.71463966369629, 22.64473533630371, 22.379823684692383, 22.173784255981445, 22.523317337036133, 22.519638061523438, 22.725679397583008
2019-06-11 13:13:25.637225, -3, 22.667095184326172, 22.667095184326172, 22.593509674072266, 22.365392684936523, 22.155672073364258, 22.52728271484375, 22.51992416381836, 22.714927673339844
2019-06-11 13:13:35.665287, -3, 22.67104148864746, 22.56801986694336, 22.59377670288086, 22.33990478515625, 22.152259826660156, 22.542264938354492, 22.50547218322754, 22.71151351928711
2019-06-11 13:13:45.631852, -3, 22.682405471801758, 22.557308197021484, 22.586742401123047, 22.336549758911133, 22.233530044555664, 22.483722686767578, 22.531553268432617, 22.708160400390625
2019-06-11 13:13:55.666135, -3, 22.686349868774414, 22.58700942993164, 22.598047256469727, 22.355213165283203, 22.1749267578125, 22.495027542114258, 22.5391788482666, 22.71210479736328
2019-06-11 13:14:05.690367, -3, 22.661052703857422, 22.59114646911621, 22.532276153564453, 22.37038803100586, 22.171707153320312, 22.50652313232422, 22.56907081604004, 22.719921112060547
2019-06-11 13:14:15.656336, -3, 22.690906524658203, 22.63571548461914, 22.587886810302734, 22.389204025268555, 22.168445587158203, 22.536375045776367, 22.57316780090332, 22.72402000427246
2019-06-11 13:14:25.662722, -3, 22.698591232299805, 22.63604164123535, 22.613967895507812, 22.382171630859375, 22.161413192749023, 22.514625549316406, 22.562456130981445, 22.705949783325195
2019-06-11 13:14:35.690796, -3, 22.713726043701172, 22.65117835998535, 22.662216186523438, 22.400985717773438, 22.18390655517578, 22.522403717041016, 22.57391357421875, 22.721086502075195
2019-06-11 13:14:45.730042, -3, 22.684749603271484, 22.611164093017578, 22.607484817504883, 22.37936782836914, 22.180686950683594, 22.50446319580078, 22.567012786865234, 22.70314598083496
2019-06-11 13:14:55.720921, -3, 22.618961334228516, 22.582168579101562, 22.56009292602539, 22.387165069580078, 22.136974334716797, 22.508583068847656, 22.523298263549805, 22.7109432220459
2019-06-11 13:15:05.688670, -3, 22.578908920288086, 22.545795440673828, 22.534757614135742, 22.3839054107666, 22.034372329711914, 22.494285583496094, 22.461170196533203, 22.715042114257812
2019-06-11 13:15:15.729388, -3, 22.571855545043945, 22.56817626953125, 22.549779891967773, 22.369495391845703, 21.939016342163086, 22.55345916748047, 22.376853942871094, 22.72638702392578
2019-06-11 13:15:25.696830, -3, 22.594348907470703, 22.524442672729492, 22.586990356445312, 22.34415626525879, 21.994625091552734, 22.539159774780273, 22.38463020324707, 22.723125457763672
2019-06-11 13:15:35.735390, -3, 22.60954475402832, 22.55435562133789, 22.605865478515625, 22.318880081176758, 21.998783111572266, 22.59482765197754, 22.385107040405273, 22.719924926757812
2019-06-11 13:15:45.701435, -3, 22.602739334106445, 22.52915382385254, 22.621135711669922, 22.304716110229492, 22.028770446777344, 22.540191650390625, 22.36358642578125, 22.720478057861328
2019-06-11 13:15:55.727106, -3, 22.621593475341797, 22.52960968017578, 22.6179141998291, 22.32724952697754, 22.05866050720215, 22.50017547607422, 22.430269241333008, 22.71357536315918
2019-06-11 13:16:05.770024, -3, 22.585391998291016, 22.552278518676758, 22.581710815429688, 22.316802978515625, 22.029817581176758, 22.460296630859375, 22.397747039794922, 22.70680809020996
2019-06-11 13:16:15.737445, -3, 22.58213233947754, 22.560054779052734, 22.51958465576172, 22.306184768676758, 22.037593841552734, 22.482791900634766, 22.365053176879883, 22.703548431396484
2019-06-11 13:16:25.781437, -3, 22.487060546875, 22.615835189819336, 22.409793853759766, 22.306774139404297, 22.01978874206543, 22.453947067260742, 22.373001098632812, 22.70781707763672
2019-06-11 13:16:35.748624, -3, 22.509746551513672, 22.64588165283203, 22.380971908569336, 22.311065673828125, 22.097667694091797, 22.454557418823242, 22.4104061126709, 22.715789794921875
2019-06-11 13:16:45.782912, -3, 22.54330062866211, 22.635282516479492, 22.45499610900879, 22.29678726196289, 22.024518966674805, 22.418203353881836, 22.381410598754883, 22.71622657775879
2019-06-11 13:16:55.812860, -3, 22.536359786987305, 22.657777786254883, 22.484851837158203, 22.286169052124023, 21.94031524658203, 22.425981521606445, 22.35239601135254, 22.720325469970703
2019-06-11 13:17:05.779389, -3, 22.46308135986328, 22.661762237548828, 22.45572280883789, 22.231285095214844, 21.81552505493164, 22.38581657409668, 22.19449234008789, 22.716951370239258
2019-06-11 13:17:15.822239, -3, 22.404212951660156, 22.69487762451172, 22.418930053710938, 22.22760581970215, 21.841279983520508, 22.363739013671875, 22.20185089111328, 22.720632553100586
2019-06-11 13:17:25.845527, -3, 22.341663360595703, 22.69487762451172, 22.389495849609375, 22.183454513549805, 21.749298095703125, 22.389495849609375, 22.106189727783203, 22.720632553100586
2019-06-11 13:17:35.886471, -3, 22.378150939941406, 22.69089126586914, 22.3818302154541, 22.157394409179688, 21.826255798339844, 22.3818302154541, 22.19418716430664, 22.712966918945312
2019-06-11 13:17:45.914729, -3, 22.41452407836914, 22.68311309814453, 22.410844802856445, 22.160654067993164, 21.836875915527344, 22.41452407836914, 22.215843200683594, 22.730945587158203
2019-06-11 13:17:55.881210, -3, 22.369781494140625, 22.638370513916016, 22.362422943115234, 22.11223030090332, 21.77373504638672, 22.32563018798828, 22.137985229492188, 22.715635299682617
2019-06-11 13:18:05.918606, -3, 22.34697914123535, 22.641324996948242, 22.34697914123535, 22.08942985534668, 21.758291244506836, 22.343299865722656, 22.078392028808594, 22.718589782714844
2019-06-11 13:18:15.952881, -3, 22.342557907104492, 22.61114501953125, 22.32784080505371, 22.055572509765625, 21.90104103088379, 22.291048049926758, 22.096044540405273, 22.725204467773438
2019-06-11 13:18:25.991643, -3, 22.385833740234375, 22.57715606689453, 22.345359802246094, 22.073091506958008, 21.91120147705078, 22.28281021118164, 22.15771484375, 22.716968536376953
2019-06-11 13:18:36.020341, -3, 22.484277725219727, 22.587297439575195, 22.395973205566406, 22.105308532714844, 21.9838924407959, 22.30767059326172, 22.230405807495117, 22.723430633544922
2019-06-11 13:18:45.988830, -3, 22.47234344482422, 22.601118087768555, 22.453947067260742, 22.152244567871094, 21.95724105834961, 22.277339935302734, 22.29573631286621, 22.72989273071289
2019-06-11 13:18:56.019284, -3, 22.504730224609375, 22.615108489990234, 22.497371673583984, 22.16991424560547, 21.93075942993164, 22.26557731628418, 22.306049346923828, 22.736526489257812
2019-06-11 13:19:06.043913, -3, 22.50385284423828, 22.603195190429688, 22.49649429321289, 22.19111442565918, 21.940921783447266, 22.316207885742188, 22.316207885742188, 22.717254638671875
2019-06-11 13:19:16.012168, -3, 22.51797866821289, 22.60628318786621, 22.52533721923828, 22.238351821899414, 22.00287628173828, 22.37448501586914, 22.370807647705078, 22.72402000427246
2019-06-11 13:19:26.047858, -3, 22.535497665405273, 22.627479553222656, 22.557575225830078, 22.255870819091797, 22.03879165649414, 22.406723022460938, 22.38832664489746, 22.726821899414062
2019-06-11 13:19:36.013920, -3, 22.545944213867188, 22.634248733520508, 22.56066131591797, 22.26263999938965, 22.07131576538086, 22.376697540283203, 22.40981101989746, 22.722551345825195
2019-06-11 13:19:45.981750, -3, 22.58954429626465, 22.64473533630371, 22.58954429626465, 22.29520034790039, 22.070762634277344, 22.379823684692383, 22.44605255126953, 22.725679397583008
2019-06-11 13:19:56.016452, -3, 22.59274673461914, 22.66265106201172, 22.589065551757812, 22.327835083007812, 22.040851593017578, 22.37934684753418, 22.48972511291504, 22.732559204101562
2019-06-11 13:20:05.984082, -3, 22.584815979003906, 22.610570907592773, 22.481794357299805, 22.3272647857666, 22.073392868041992, 22.422927856445312, 22.474437713623047, 22.713592529296875
2019-06-11 13:20:15.951200, -3, 22.507129669189453, 22.58071517944336, 22.448261260986328, 22.341562271118164, 22.028820037841797, 22.437223434448242, 22.488733291625977, 22.720529556274414
2019-06-11 13:20:25.990572, -3, 22.481050491333008, 22.602468490600586, 22.414823532104492, 22.352275848388672, 21.9659481048584, 22.44057846069336, 22.473691940307617, 22.71652603149414
2019-06-11 13:20:36.019881, -3, 22.484464645385742, 22.638994216918945, 22.4145565032959, 22.340970993041992, 22.05766487121582, 22.45503044128418, 22.495502471923828, 22.71626091003418
2019-06-11 13:20:46.056964, -3, 22.513439178466797, 22.57598876953125, 22.428815841674805, 22.336833953857422, 22.112396240234375, 22.461931228637695, 22.513439178466797, 22.715801239013672
2019-06-11 13:20:56.020843, -3, 22.528005599975586, 22.60894775390625, 22.439701080322266, 22.3330020904541, 22.04969596862793, 22.465457916259766, 22.47649383544922, 22.708290100097656
2019-06-11 13:21:06.045478, -3, 22.568363189697266, 22.61251449584961, 22.450624465942383, 22.340246200561523, 22.071657180786133, 22.4359073638916, 22.520532608032227, 22.719213485717773
2019-06-11 13:21:16.087549, -3, 22.63459014892578, 22.63459014892578, 22.520532608032227, 22.365999221801758, 22.086374282836914, 22.446945190429688, 22.52420997619629, 22.708175659179688
2019-06-11 13:21:26.053264, -3, 22.641948699951172, 22.656665802001953, 22.535247802734375, 22.391756057739258, 22.012786865234375, 22.513172149658203, 22.48373794555664, 22.719213485717773
2019-06-11 13:21:36.094444, -3, 22.682418823242188, 22.682418823242188, 22.60147476196289, 22.410152435302734, 22.204113006591797, 22.568363189697266, 22.55732536315918, 22.72289276123047
2019-06-11 13:21:46.060829, -3, 22.74496841430664, 22.700817108154297, 22.66034507751465, 22.41383171081543, 22.226186752319336, 22.583078384399414, 22.597797393798828, 22.719213485717773
2019-06-11 13:21:56.103344, -3, 22.796592712402344, 22.778196334838867, 22.73772430419922, 22.417625427246094, 22.229982376098633, 22.612628936767578, 22.623666763305664, 22.71196937561035
2019-06-11 13:22:06.134030, -3, 22.800596237182617, 22.793237686157227, 22.745407104492188, 22.417949676513672, 22.2119083404541, 22.70493507385254, 22.58351707458496, 22.719650268554688
2019-06-11 13:22:16.101324, -3, 22.79352569580078, 22.808242797851562, 22.749372482299805, 22.436634063720703, 22.164365768432617, 22.730976104736328, 22.53229522705078, 22.723617553710938
2019-06-11 13:22:26.136244, -3, 22.775394439697266, 22.819547653198242, 22.7496395111084, 22.44057846069336, 22.12415885925293, 22.720205307006836, 22.595109939575195, 22.70916748046875
2019-06-11 13:22:36.101614, -3, 22.80898666381836, 22.845779418945312, 22.7758731842041, 22.466812133789062, 22.2534122467041, 22.757476806640625, 22.680212020874023, 22.735401153564453
2019-06-11 13:22:46.068661, -3, 22.758047103881836, 22.838993072509766, 22.721254348754883, 22.467382431030273, 22.047943115234375, 22.743330001831055, 22.559364318847656, 22.724933624267578
2019-06-11 13:22:56.105330, -3, 22.71799659729004, 22.83573341369629, 22.65912628173828, 22.44940757751465, 22.136667251586914, 22.706958770751953, 22.55242919921875, 22.71799659729004
2019-06-11 13:23:06.070378, -3, 22.740814208984375, 22.836475372314453, 22.68194580078125, 22.453828811645508, 22.210994720458984, 22.685623168945312, 22.60099983215332, 22.70401954650879
2019-06-11 13:23:16.049893, -3, 22.80393409729004, 22.848085403442383, 22.70091438293457, 22.465438842773438, 22.266756057739258, 22.642044067382812, 22.664121627807617, 22.719310760498047
2019-06-11 13:23:26.012732, -3, 22.826887130737305, 22.841604232788086, 22.690753936767578, 22.462636947631836, 22.201406478881836, 22.683395385742188, 22.573015213012695, 22.72754669189453
2019-06-11 13:23:35.996697, -3, 22.80555534362793, 22.75772476196289, 22.724613189697266, 22.444984436035156, 22.058658599853516, 22.69517707824707, 22.573760986328125, 22.713573455810547
2019-06-11 13:23:45.969925, -3, 22.769489288330078, 22.7510929107666, 22.729015350341797, 22.430992126464844, 22.08513832092285, 22.574485778808594, 22.567127227783203, 22.72165870666504
2019-06-11 13:23:55.961064, -3, 22.748023986816406, 22.78481674194336, 22.711231231689453, 22.387453079223633, 22.09678840637207, 22.589813232421875, 22.450000762939453, 22.72226905822754
2019-06-11 13:24:05.936811, -3, 22.68238639831543, 22.781726837158203, 22.623517990112305, 22.35124969482422, 22.09001922607422, 22.520496368408203, 22.465307235717773, 22.711820602416992
2019-06-11 13:24:15.984561, -3, 22.623939514160156, 22.77111053466797, 22.561389923095703, 22.336952209472656, 22.013174057006836, 22.52459716796875, 22.458370208740234, 22.72327995300293
2019-06-11 13:24:25.952527, -3, 22.61349105834961, 22.69075584411621, 22.473678588867188, 22.31914710998535, 22.08367156982422, 22.514148712158203, 22.451601028442383, 22.72386932373047
2019-06-11 13:24:35.935921, -3, 22.613948822021484, 22.746402740478516, 22.507247924804688, 22.319604873657227, 22.073091506958008, 22.507247924804688, 22.42630386352539, 22.716968536376953
2019-06-11 13:24:45.909738, -3, 22.599517822265625, 22.695178985595703, 22.562725067138672, 22.32724952697754, 21.988752365112305, 22.52960968017578, 22.345645904541016, 22.71357536315918
2019-06-11 13:24:55.875594, -3, 22.59259796142578, 22.596275329589844, 22.570520401000977, 22.324007034301758, 22.062776565551758, 22.533727645874023, 22.3939151763916, 22.725051879882812
2019-06-11 13:25:05.842196, -3, 22.611278533935547, 22.574485778808594, 22.57816505432129, 22.31693458557129, 22.052026748657227, 22.526655197143555, 22.379484176635742, 22.717979431152344
2019-06-11 13:25:15.813563, -3, 22.615093231201172, 22.611413955688477, 22.57830047607422, 22.302352905273438, 22.00065040588379, 22.519432067871094, 22.38697624206543, 22.725473403930664
2019-06-11 13:25:25.791691, -3, 22.619096755981445, 22.67796516418457, 22.59701919555664, 22.287960052490234, 22.074560165405273, 22.534473419189453, 22.413055419921875, 22.703720092773438
2019-06-11 13:25:35.757748, -3, 22.630287170410156, 22.707550048828125, 22.57877540588379, 22.3101863861084, 22.059995651245117, 22.534624099731445, 22.409526824951172, 22.711231231689453
2019-06-11 13:25:45.739307, -3, 22.553020477294922, 22.630287170410156, 22.48311424255371, 22.332263946533203, 21.979049682617188, 22.553020477294922, 22.424245834350586, 22.725948333740234
2019-06-11 13:25:55.711314, -3, 22.52739906311035, 22.637779235839844, 22.424379348754883, 22.343435287475586, 21.986541748046875, 22.589948654174805, 22.417020797729492, 22.715044021606445
2019-06-11 13:26:05.682040, -3, 22.527667999267578, 22.693235397338867, 22.40625, 22.343704223632812, 22.023603439331055, 22.571819305419922, 22.376815795898438, 22.718990325927734
2019-06-11 13:26:15.655987, -3, 22.5278377532959, 22.68604850769043, 22.406421661376953, 22.332836151123047, 21.95754623413086, 22.524158477783203, 22.340192794799805, 22.722841262817383
2019-06-11 13:26:25.686572, -3, 22.557579040527344, 22.726825714111328, 22.461917877197266, 22.31474494934082, 22.049835205078125, 22.47295379638672, 22.30738639831543, 22.73418426513672
2019-06-11 13:26:35.655680, -3, 22.587127685546875, 22.71222496032715, 22.524580001831055, 22.289104461669922, 22.079383850097656, 22.509862899780273, 22.25967025756836, 22.726940155029297
2019-06-11 13:26:45.622390, -3, 22.605676651000977, 22.624073028564453, 22.57624053955078, 22.292936325073242, 21.932363510131836, 22.51369285583496, 22.281898498535156, 22.741809844970703
2019-06-11 13:26:55.601213, -3, 22.624244689941406, 22.62056541442871, 22.580093383789062, 22.28207015991211, 22.15329360961914, 22.513866424560547, 22.326221466064453, 22.734622955322266
2019-06-11 13:27:05.568545, -3, 22.653812408447266, 22.635414123535156, 22.565507888793945, 22.27852439880371, 22.13503074645996, 22.49192237854004, 22.34842872619629, 22.731077194213867
2019-06-11 13:27:15.603021, -3, 22.63188934326172, 22.683399200439453, 22.595096588134766, 22.293394088745117, 21.947540283203125, 22.48839569091797, 22.293394088745117, 22.738588333129883
2019-06-11 13:27:25.569481, -3, 22.650419235229492, 22.7240047454834, 22.58051300048828, 22.300884246826172, 21.929275512695312, 22.517963409423828, 22.322961807250977, 22.738723754882812
2019-06-11 13:27:35.541837, -3, 22.672494888305664, 22.701929092407227, 22.632022857666016, 22.322961807250977, 21.962390899658203, 22.506925582885742, 22.37447166442871, 22.73136329650879
2019-06-11 13:27:45.509823, -3, 22.676307678222656, 22.639514923095703, 22.657913208007812, 22.345170974731445, 22.02507209777832, 22.466588973999023, 22.448192596435547, 22.72781753540039
2019-06-11 13:27:55.487298, -3, 22.70223617553711, 22.624969482421875, 22.69487762451172, 22.356382369995117, 22.161378860473633, 22.459402084350586, 22.514591217041016, 22.72431182861328
2019-06-11 13:28:05.458225, -3, 22.731670379638672, 22.66912078857422, 22.713274002075195, 22.367420196533203, 22.106189727783203, 22.49619483947754, 22.466760635375977, 22.735349655151367
2019-06-11 13:28:15.423080, -3, 22.72814178466797, 22.706066131591797, 22.706066131591797, 22.360212326049805, 22.029075622558594, 22.51474380493164, 22.41172218322754, 22.724462509155273
2019-06-11 13:28:25.390516, -3, 22.698707580566406, 22.724462509155273, 22.7023868560791, 22.35653305053711, 22.04747200012207, 22.533140182495117, 22.352853775024414, 22.724462509155273
2019-06-11 13:28:35.363497, -3, 22.7023868560791, 22.73550033569336, 22.669273376464844, 22.341815948486328, 22.010679244995117, 22.55521583557129, 22.37125015258789, 22.720783233642578
2019-06-11 13:28:45.335819, -3, 22.695180892944336, 22.735654830932617, 22.632633209228516, 22.323572158813477, 21.98139762878418, 22.478103637695312, 22.246307373046875, 22.720935821533203
2019-06-11 13:28:55.304817, -3, 22.68414306640625, 22.743011474609375, 22.595840454101562, 22.301496505737305, 21.959321975708008, 22.555368423461914, 22.279420852661133, 22.735654830932617
2019-06-11 13:29:05.275018, -3, 22.687936782836914, 22.702653884887695, 22.60331153869629, 22.28689193725586, 22.047739028930664, 22.459819793701172, 22.360477447509766, 22.735767364501953
2019-06-11 13:29:15.255687, -3, 22.724882125854492, 22.64761734008789, 22.6402587890625, 22.28336524963379, 22.073646545410156, 22.507802963256836, 22.44157600402832, 22.728561401367188
2019-06-11 13:29:25.285509, -3, 22.739906311035156, 22.64792251586914, 22.651601791381836, 22.287351608276367, 22.099706649780273, 22.430845260620117, 22.394052505493164, 22.725189208984375
2019-06-11 13:29:35.263381, -3, 22.758302688598633, 22.64792251586914, 22.658960342407227, 22.25423812866211, 22.037158966064453, 22.42716407775879, 22.37933349609375, 22.73622703552246
2019-06-11 13:29:45.234942, -3, 22.673830032348633, 22.567129135131836, 22.625999450683594, 22.254390716552734, 21.952688217163086, 22.530336380004883, 22.324296951293945, 22.743736267089844
2019-06-11 13:29:55.201888, -3, 22.64792251586914, 22.61849021911621, 22.566978454589844, 22.250558853149414, 22.01508331298828, 22.445560455322266, 22.390371322631836, 22.732547760009766
2019-06-11 13:30:05.167964, -3, 22.6810359954834, 22.67367935180664, 22.57801628112793, 22.283672332763672, 22.044517517089844, 22.46027946472168, 22.41244888305664, 22.74358367919922
